0 0.025214 0.078902 0.081818 0.051458 0.095540 0.025729 0.141852 0.030875 0.181304 0.003431 0.000000 0.000000 0.000000 0.060034
0 0.222470 0.037736 0.236192 0.000000 0.359691 0.001715 0.335678 0.066895 0.287650 0.092624 0.261921 0.070326
0 0.378559 0.003431 0.472899 0.000000 0.472899 0.032590 0.438593 0.041166 0.442024 0.060034 0.418010 0.073756 0.376844 0.087479 0.340823 0.073756
0 0.989194 0.001715 0.944597 0.029160 0.922298 0.065180 0.946312 0.092624 0.961749 0.121784 0.984048 0.118353 0.994340 0.101201 0.990909 0.012007
0 0.843396 0.020583 0.857118 0.053173 0.891424 0.066895 0.922298 0.053173 0.922298 0.017153 0.912007 0.001715 0.875986 0.001715
0 0.490051 0.001715 0.490051 0.048027 0.529503 0.054889 0.582676 0.046312 0.591252 0.015437 0.591252 0.001715
0 0.611835 0.005146 0.689022 0.005146 0.690738 0.041166 0.654717 0.078902 0.596398 0.075472 0.584391 0.056604 0.599828 0.024014
0 0.709605 0.006861 0.755918 0.005146 0.762779 0.063465 0.740480 0.080617 0.707890 0.066895 0.699314 0.049743
0 0.128130 0.053173 0.171012 0.060034 0.172727 0.101201 0.165866 0.176672 0.112693 0.222985 0.081818 0.221269 0.057804 0.197256 0.044082 0.166381 0.045798 0.145798 0.020069 0.135506 0.033791 0.108062 0.054374 0.109777 0.062950 0.078902 0.088679 0.058319
0 0.004631 0.135506 0.020069 0.162950 0.002916 0.173242
0 0.004631 0.195540 0.033791 0.176672 0.061235 0.217839 0.081818 0.255575 0.056089 0.296741 0.001201 0.339623 0.000000 0.245283 0.013208 0.217839
0 0.189880 0.097770 0.219039 0.082333 0.244768 0.096055 0.248199 0.114923 0.267067 0.125214 0.222470 0.149228 0.184734 0.157804 0.174442 0.145798
0 0.333962 0.104631 0.388851 0.087479 0.411149 0.085763 0.412864 0.108062 0.438593 0.130360 0.433448 0.166381 0.406003 0.214408 0.361407 0.224700 0.344254 0.204117 0.311664 0.181818 0.311664 0.147513
0 0.291081 0.121784 0.309949 0.192110 0.289365 0.226415 0.287650 0.243568 0.260206 0.252144 0.255060 0.265866 0.212178 0.265866 0.188165 0.257290 0.162436 0.245283 0.152144 0.255575 0.110978 0.252144 0.100686 0.233276 0.133276 0.222985 0.165866 0.186964 0.198456 0.181818 0.248199 0.145798
0 0.442024 0.089194 0.474614 0.063465 0.517496 0.066895 0.522641 0.094340 0.484906 0.096055 0.464322 0.116638 0.438593 0.114923
0 0.517496 0.109777 0.541509 0.114923 0.543225 0.144082 0.544940 0.166381 0.519211 0.185249 0.519211 0.200686 0.484906 0.222985 0.464322 0.241852 0.445455 0.267581 0.424871 0.250429 0.414580 0.216124 0.438593 0.192110 0.450600 0.169811 0.448885 0.128645 0.472899 0.116638
0 0.550086 0.066895 0.574099 0.066895 0.587822 0.085763 0.568954 0.106346 0.543225 0.096055 0.529503 0.080617
0 0.095540 0.365352 0.047513 0.348199 0.068096 0.313894 0.100686 0.310463 0.109262 0.327616
0 0.002916 0.396226 0.035506 0.375643 0.073242 0.403087 0.066381 0.435678 0.047513 0.451115 0.014923 0.445969
0 0.129846 0.291595 0.171012 0.344768 0.136707 0.355060 0.116123 0.344768 0.129846 0.300172
0 0.026930 0.747856 0.071527 0.725557 0.100686 0.718696 0.116123 0.692967 0.140137 0.692967 0.152144 0.670669 0.155575 0.615780 0.129846 0.605489 0.102401 0.596913 0.088679 0.569468 0.054374 0.581475 0.032075 0.607204 0.023499 0.653516 0.023499 0.677530 0.013208 0.704974 0.016638 0.740995
0 0.001201 0.519726 0.030360 0.523156 0.047513 0.554031 0.057804 0.579760 0.025214 0.602058 0.018353 0.629503 0.008062 0.677530 0.000000 0.677530
0 0.047513 0.499142 0.026930 0.514580 0.002916 0.512865 0.000000 0.451115 0.021784 0.451115 0.054374 0.457976
0 0.116123 0.533448 0.119554 0.499142 0.114408 0.464837 0.090394 0.456261 0.064665 0.468268 0.059520 0.490566 0.040652 0.516295 0.052659 0.547170 0.061235 0.572899 0.088679 0.564322
0 0.109262 0.562607 0.129846 0.581475 0.157290 0.560892 0.164151 0.535163 0.146998 0.521441 0.121269 0.547170
0 0.164151 0.361921 0.186449 0.363636 0.191595 0.396226 0.184734 0.423671 0.164151 0.430532 0.136707 0.430532 0.112693 0.451115 0.086964 0.451115 0.064665 0.461407 0.064665 0.445969 0.074957 0.411664 0.078388 0.389365 0.110978 0.368782
0 0.212178 0.375643 0.256775 0.372213 0.280789 0.334477 0.261921 0.308748 0.251629 0.286449 0.210463 0.274443 0.184734 0.272727 0.169297 0.310463 0.164151 0.327616 0.191595 0.370497
0 0.304803 0.238422 0.318525 0.265866 0.263636 0.298456 0.253345 0.276158 0.285935 0.253859
0 0.378559 0.240137 0.411149 0.228130 0.428302 0.264151 0.424871 0.289880 0.397427 0.296741 0.380274 0.291595
0 0.335678 0.272727 0.363122 0.255575 0.369983 0.281304 0.368268 0.307033 0.366552 0.307033 0.344254 0.308748
0 0.472899 0.343053 0.507204 0.343053 0.524357 0.356775 0.520926 0.392796 0.476329 0.409949 0.454031 0.394511 0.452316 0.367067
0 0.294511 0.416810 0.361407 0.420240 0.383705 0.464837 0.363122 0.506003 0.316810 0.533448 0.275643 0.548885 0.244768 0.516295 0.225900 0.480274 0.265352 0.437393
0 0.689022 0.085763 0.725043 0.085763 0.726758 0.126930 0.697599 0.149228 0.673585 0.147513 0.665009 0.109777
0 0.642710 0.096055 0.658147 0.132075 0.644425 0.157804 0.599828 0.174957 0.551801 0.149228 0.550086 0.121784 0.577530 0.120069 0.598113 0.087479
0 0.795369 0.284734 0.776501 0.267581 0.781647 0.241852 0.814237 0.224700 0.836535 0.255575 0.836535 0.279588
0 0.253345 0.845626 0.225900 0.830189 0.213894 0.795883 0.225900 0.768439 0.261921 0.751286 0.296226 0.771870 0.294511 0.811321
0 0.129846 0.861063 0.038937 0.811321 0.047513 0.773585 0.074957 0.742710 0.121269 0.746141 0.140137 0.763293 0.172727 0.768439 0.195026 0.794168 0.198456 0.833619
0 0.025214 0.787307 0.033791 0.826758 0.000000 0.861063 0.004631 0.785592
0 0.172727 0.679245 0.184734 0.711835 0.148714 0.734134 0.128130 0.718696 0.150429 0.703259 0.157290 0.679245
0 0.174442 0.663808 0.201887 0.650086 0.222470 0.596913 0.203602 0.578045 0.152144 0.584906 0.162436 0.622642
0 0.134991 0.451115 0.191595 0.437393 0.193310 0.451115 0.207033 0.480274 0.212178 0.524871 0.181304 0.554031 0.169297 0.526587 0.143568 0.507719 0.126415 0.473413
0 0.219039 0.396226 0.268782 0.394511 0.272213 0.421955 0.241338 0.449400 0.215609 0.464837 0.201887 0.430532
0 0.301372 0.331046 0.333962 0.320755 0.321955 0.293310 0.287650 0.301887 0.275643 0.319039 0.292796 0.336192
0 0.515780 0.228130 0.510635 0.296741 0.469468 0.308748 0.452316 0.279588 0.466038 0.241852 0.503774 0.229846
0 0.531218 0.281304 0.584391 0.272727 0.589537 0.241852 0.610120 0.202401 0.589537 0.180103 0.551801 0.166381 0.524357 0.190395 0.517496 0.217839 0.520926 0.250429
0 0.654717 0.183533 0.678731 0.186964 0.651286 0.210978 0.616981 0.205832 0.622127 0.190395 0.646141 0.181818
0 0.323671 0.355060 0.328816 0.385935 0.301372 0.404803 0.275643 0.401372 0.265352 0.375643 0.284220 0.348199 0.313379 0.344768
0 0.354545 0.396226 0.395712 0.370497 0.388851 0.332762 0.356261 0.322470 0.328816 0.334477 0.333962 0.361921
0 0.404288 0.500858 0.428302 0.526587 0.418010 0.572899 0.387135 0.614065 0.347684 0.602058 0.315094 0.567753 0.327101 0.540309 0.368268 0.519726
