0 0.315256 0.061728 0.302028 0.042989 0.265653 0.039683 0.232584 0.039683 0.212743 0.079365 0.185185 0.084877 0.173060 0.130071 0.186287 0.144400 0.163139 0.158730 0.170855 0.195106 0.153219 0.238095 0.166446 0.245811 0.188492 0.241402 0.205026 0.236993 0.233686 0.253527 0.235891 0.276675 0.253527 0.305335 0.289903 0.315256 0.328483 0.329586 0.364859 0.341711 0.411155 0.320767 0.429894 0.295414 0.425485 0.274471 0.429894 0.252425 0.450838 0.248016 0.470679 0.232584 0.467372 0.217152 0.466270 0.203924 0.480600 0.200617 0.462963 0.181878 0.461861 0.168651 0.469577 0.142196 0.451940 0.127866 0.467372 0.103616 0.448633 0.092593 0.453042 0.078263 0.424383 0.083774 0.390212 0.065035 0.365961 0.061728 0.348325 0.041887 0.333995 0.041887
0 0.222663 0.262346 0.197310 0.244709 0.151014 0.254630 0.125661 0.298721 0.090388 0.330688 0.069444 0.362654 0.079365 0.403439 0.097002 0.440917 0.149912 0.462963 0.211640 0.468474 0.231481 0.446429 0.238095 0.438713 0.262346 0.443122 0.293210 0.436508 0.300926 0.424383 0.317460 0.416667 0.319665 0.401235 0.324074 0.371473 0.311949 0.342813 0.289903 0.322972 0.270062 0.314153 0.251323 0.310847
0 0.293210 0.450838 0.276675 0.445326 0.250220 0.445326 0.235891 0.446429 0.214947 0.472884 0.175265 0.471781 0.151014 0.496032 0.143298 0.527998 0.134480 0.556658 0.143298 0.586420 0.164242 0.596340 0.157628 0.608466 0.165344 0.641534 0.155423 0.648148 0.188492 0.669092 0.211640 0.697751 0.227072 0.685626 0.251323 0.693342 0.252425 0.672399 0.270062 0.672399 0.274471 0.688933 0.315256 0.667989 0.350529 0.655864 0.347222 0.645944 0.363757 0.638228 0.369268 0.610670 0.379189 0.601852 0.375882 0.591931 0.379189 0.573192 0.370370 0.568783 0.367063 0.541226 0.361552 0.504850 0.332892 0.481702
0 0.888448 0.371473 0.938051 0.342813 0.973325 0.299824 0.936949 0.216049 0.916005 0.139991 0.878527 0.116843 0.814594 0.119048 0.773809 0.149912 0.740741 0.190697 0.727513 0.240300 0.738536 0.265653 0.766093 0.277778 0.787037 0.300926 0.811287 0.333995 0.806878 0.356041 0.836640 0.353836 0.848765 0.362654 0.875220 0.371473 0.876323 0.371473
0 0.939153 0.784832 0.906085 0.778219 0.867504 0.806878 0.860891 0.843254 0.900573 0.853175 0.924824 0.844356 0.951279 0.813492 0.938051 0.796958 0.938051 0.796958 0.939153 0.793651
0 0.896164 0.733025 0.908289 0.763889 0.941358 0.773809 0.961199 0.781526 0.986552 0.769400 1.000000 0.686728 0.967813 0.661376 0.928131 0.674603 0.898369 0.697751
0 0.539021 0.005511 0.573192 0.054012 0.616182 0.078263 0.676808 0.067240 0.741843 0.031966 0.776014 0.002205
0 0.850970 0.006614 0.858686 0.031966 0.882937 0.026455 0.857584 0.082672 0.869709 0.099206 0.923721 0.087081 0.962302 0.093695 0.993166 0.081570 0.999780 0.001102 0.865300 0.000000
0 0.927028 0.126764 0.945767 0.109127 0.979938 0.100309 0.993166 0.110229 0.997575 0.283289 0.992063 0.283289 0.954585 0.251323 0.930335 0.163139
0 0.000000 1.000000 0.000000 0.841688 0.061728 0.780423 0.088183 0.734127 0.109127 0.701058 0.147707 0.715388 0.167549 0.759480 0.198413 0.791446 0.220459 0.814594 0.263854 0.867446 0.280563 1.000000
0 0.197310 0.772707 0.236993 0.825617 0.292108 0.852072 0.369268 0.833333 0.426587 0.789242 0.458554 0.728616 0.427690 0.664683 0.379189 0.647046 0.286596 0.683421 0.233686 0.712081 0.198413 0.767196 0.198413 0.767196
0 0.380291 0.633818 0.385802 0.595238 0.396825 0.566579 0.445326 0.559965 0.488316 0.572090 0.504850 0.556658 0.541226 0.589727 0.542328 0.639330 0.545635 0.695547 0.518078 0.720899 0.478395 0.714286 0.440917 0.695547 0.430996 0.655864 0.381393 0.639330
0 0.496032 0.762787 0.448633 0.785935 0.444224 0.817901 0.289613 0.871623 0.302840 1.000000 0.518658 1.000000 0.606377 0.946115 0.616124 0.882762 0.630511 0.814594 0.577601 0.822310 0.561067 0.790344 0.526896 0.762787
0 0.588624 0.671296 0.545635 0.695547 0.525794 0.726411 0.522487 0.760582 0.557760 0.784832 0.582011 0.812390 0.604056 0.815697 0.635617 0.810359 0.623085 0.828460 0.648148 0.837510 0.652325 0.836814 0.672515 0.811055 0.702451 0.758145 0.670194 0.763889 0.639330 0.727513 0.669092 0.724206 0.644841 0.684524 0.604056 0.673501 0.594136 0.674603
0 0.955862 0.939153 0.928711 0.935672 0.904344 0.948900 0.907129 0.972570 0.923141 0.988583 0.954470 1.000000 1.000000 0.999025 1.000000 0.941242 1.000000 0.858396 0.961431 0.870231 0.948204 0.897382 0.957254 0.927318
0 0.995544 0.454609 0.975355 0.439989 0.967001 0.399610 0.981621 0.372459 0.995544 0.375940 0.998329 0.449735 0.998329 0.449735
0 0.004873 0.293094 0.029240 0.293094 0.051518 0.277778 0.047341 0.213033 0.025759 0.190058 0.001392 0.216513 0.002089 0.289613 0.002089 0.289613
0 0.624478 0.876497 0.643275 0.907129 0.676692 0.922445 0.698273 0.911306 0.704539 0.877193 0.698273 0.829852 0.666945 0.830549 0.635617 0.839599 0.627959 0.877889 0.627959 0.876497
0 0.708020 0.831941 0.728209 0.804790 0.808271 0.857700 0.817321 0.889028 0.822194 0.925926 0.802005 0.939153 0.753968 0.921749 0.725425 0.930103 0.705235 0.911306
