0 0.689465 0.308880 0.714286 0.306122 0.736349 0.326806 0.725317 0.354385 0.690844 0.358522 0.674297 0.337838
0 0.072624 0.137893 0.101122 0.138812 0.111234 0.158117 0.104799 0.172826 0.088252 0.185696 0.066189 0.179261 0.056076 0.155359
0 0.052399 0.239934 0.082736 0.213275 0.117669 0.214194 0.127781 0.246369 0.113072 0.273947 0.067108 0.276705
0 0.498253 0.056076 0.500092 0.033094 0.536863 0.019305 0.558926 0.031256 0.549733 0.061592 0.515720 0.068946
0 0.395293 0.933995 0.452289 0.919287 0.521236 0.944107 0.565361 0.942269 0.578231 0.992830 0.562603 1.000000 0.407244 0.997426
0 0.389961 0.884170 0.394374 0.927560 0.445854 0.913771 0.434363 0.873552
0 0.487222 0.224306 0.473433 0.226145 0.464240 0.205001 0.465159 0.177422 0.492738 0.164552 0.514801 0.180180 0.510204 0.208678
0 0.452289 0.157198 0.449531 0.139732 0.464240 0.121346 0.492738 0.133297 0.482625 0.159956
0 0.692223 0.113992 0.701416 0.097444 0.722559 0.113992 0.707851 0.135135
0 0.002413 0.885618 0.020512 0.896477 0.034990 0.874759 0.053089 0.838562 0.030164 0.804778 0.013272 0.824083 0.000000 0.824083
