0 0.361950 0.459119 0.311635 0.496855 0.303774 0.528302 0.303774 0.572327 0.336792 0.591195 0.380818 0.594340 0.409119 0.570755 0.427987 0.517296 0.432704 0.496855 0.399686 0.466981
0 0.817924 0.371069 0.772327 0.433962 0.742453 0.471698 0.767610 0.509434 0.806918 0.511006 0.852516 0.509434 0.883962 0.454403 0.898113 0.411950 0.858805 0.389937
0 0.707862 0.556604 0.750314 0.517296 0.857233 0.514151 0.876101 0.545597 0.877673 0.600629 0.844654 0.630503 0.810063 0.647799 0.789623 0.672956 0.753459 0.654088 0.729874 0.606918
0 0.001887 0.444969 0.080503 0.437107 0.113522 0.427673 0.143396 0.454403 0.176415 0.498428 0.188994 0.588050 0.179560 0.652516 0.137107 0.687107 0.086792 0.713836 0.041195 0.707547 0.003459 0.685535
0 0.273899 0.721698 0.198428 0.779874 0.177987 0.842767 0.159119 0.904088 0.185849 0.949686 0.256604 0.962264 0.358805 0.935535 0.369811 0.861635 0.365094 0.805031 0.321069 0.767296 0.305346 0.732704
0 0.509748 0.757862 0.432704 0.801887 0.407547 0.867925 0.423270 0.915094 0.407547 0.955975 0.446855 0.974843 0.473585 0.996855 0.564780 1.000000 0.641824 0.957547 0.657547 0.891509 0.671698 0.803459 0.630818 0.762579 0.588365 0.737421 0.545912 0.729560
0 0.777044 0.707547 0.714151 0.743711 0.714151 0.798742 0.750314 0.816038 0.720440 0.842767 0.731447 0.886792 0.772327 0.897799 0.810063 0.932390 0.863522 0.930818 0.909119 0.926101 0.918553 0.875786 0.882390 0.803459 0.882390 0.776730 0.839937 0.738994 0.803774 0.715409
0 0.003459 0.430818 0.067924 0.421384 0.074214 0.366352 0.104088 0.320755 0.102516 0.261006 0.078931 0.251572 0.028616 0.251572 0.001887 0.245283
0 0.700000 0.998428 0.729874 0.941824 0.780189 0.922956 0.858805 0.949686 0.890252 0.981132 0.877673 0.996855 0.827358 1.000000
0 0.681132 0.847484 0.659119 0.905660 0.630818 0.933962 0.611950 0.966981 0.663836 0.992138 0.722013 0.946541 0.712579 0.910377 0.711006 0.861635
