0 0.547314 0.125844 0.569812 0.123031 0.587388 0.111783 0.599339 0.123031 0.604260 0.137795 0.593715 0.160292 0.574733 0.168729 0.553642 0.165214 0.550127 0.149044
0 0.803923 0.265045 0.832748 0.255906 0.849620 0.265045 0.848214 0.297385 0.840481 0.312852 0.822905 0.324100 0.800408 0.319179 0.789159 0.310742 0.789159 0.290354 0.791268 0.272778 0.803220 0.269263
0 0.268912 0.350816 0.302657 0.358549 0.318124 0.383155 0.324452 0.400028 0.306876 0.434477 0.294924 0.451350 0.255554 0.449241 0.240087 0.430259 0.230948 0.415495 0.229542 0.388076 0.239384 0.364876
0 0.753375 0.803150 0.803431 0.779528 0.820304 0.801462 0.847300 0.819460 0.855737 0.835208 0.843363 0.856018 0.823678 0.880202 0.807368 0.886389 0.783183 0.886389 0.773622 0.896513 0.759561 0.897075 0.748875 0.886389 0.746063 0.857705 0.741001 0.825084 0.753937 0.799775
0 0.776434 0.997188 0.775309 0.968504 0.773622 0.943195 0.798369 0.930259 0.820866 0.908886 0.847300 0.910011 0.860236 0.917323 0.878234 0.930259 0.878796 0.943757 0.887795 0.960630 0.896794 0.966254 0.888358 0.970191 0.894544 0.983689 0.879921 1.000000
0 0.905793 0.403262 0.908605 0.390889 0.913667 0.377390 0.927165 0.371766 0.950787 0.368954 0.964848 0.384702 0.971035 0.403825 0.974409 0.416760 0.968785 0.432508 0.938414 0.433633 0.929415 0.442070 0.927728 0.453881 0.923791 0.463442 0.916479 0.457255 0.913667 0.449381 0.905793 0.446007 0.892857 0.438695 0.881609 0.429134 0.885546 0.418448 0.894544 0.412261
0 0.124297 0.798650 0.159168 0.775028 0.205287 0.780652 0.224409 0.796400 0.234533 0.818898 0.226659 0.860517 0.213161 0.895388 0.187289 0.901012 0.149044 0.903262 0.128796 0.897638 0.117548 0.861642 0.107424 0.827896
0 0.012936 0.599550 0.039933 0.617548 0.052306 0.644544 0.046682 0.672666 0.032058 0.689539 0.015186 0.705287 0.000000 0.705287 0.002812 0.704162 0.000000 0.627672
0 0.003937 0.330709 0.035433 0.336333 0.053431 0.361080 0.065804 0.382452 0.074803 0.402700 0.074803 0.430821 0.056805 0.446569 0.032058 0.453318 0.010686 0.457818 0.000000 0.456693
0 0.007312 0.206974 0.037683 0.217098 0.075928 0.209224 0.100675 0.203600 0.105174 0.219348 0.107424 0.230596 0.108549 0.257593 0.120922 0.282340 0.137795 0.276715 0.125422 0.305962 0.100675 0.331834 0.086052 0.355456 0.059055 0.362205 0.037683 0.341957 0.023060 0.330709 0.003937 0.330709 0.000000 0.313836 0.000562 0.260967
