0 0.000756 0.110439 0.038578 0.146747 0.020424 0.181543 0.052194 0.210287 0.061271 0.239032 0.064297 0.263238 0.046142 0.282905 0.023449 0.305598 0.000000 0.346445
0 0.049168 0.181543 0.068835 0.161876 0.112708 0.195159 0.155068 0.160363 0.201967 0.142209 0.235250 0.169440 0.251891 0.160363 0.282148 0.181543 0.274584 0.205749 0.289713 0.234493 0.304841 0.261725 0.322995 0.285930 0.306354 0.313162 0.286687 0.322239 0.292738 0.341906 0.268533 0.357035 0.262481 0.378215 0.277610 0.405446 0.259455 0.435703 0.242814 0.449319 0.189864 0.446293 0.188351 0.470499 0.155068 0.470499 0.150529 0.452345 0.117247 0.455371 0.112708 0.425113 0.103631 0.414523 0.071861 0.406959 0.038578 0.397882 0.011346 0.400908 0.000000 0.364599 0.027988 0.347958 0.064297 0.349470 0.083964 0.325265 0.085477 0.288956 0.106657 0.263238 0.076399 0.243570 0.067322 0.216339
0 0.000756 0.422088 0.003782 0.670197 0.020424 0.647504 0.021936 0.617247 0.038578 0.594554 0.034039 0.571861 0.034039 0.540091 0.053707 0.514372 0.091528 0.499244 0.082451 0.465961 0.065809 0.434191 0.053707 0.406959 0.008321 0.420575
0 0.029501 0.665658 0.082451 0.676248 0.114221 0.694402 0.112708 0.724660 0.102118 0.753404 0.133888 0.771558 0.183812 0.768533 0.247352 0.765507 0.288200 0.744327 0.319970 0.717095 0.329047 0.676248 0.270045 0.650530 0.263994 0.597579 0.247352 0.544629 0.218608 0.508321 0.197428 0.509834 0.195915 0.470499 0.145991 0.485628 0.124811 0.465961 0.096067 0.491679 0.102118 0.527988 0.062784 0.527988 0.062784 0.558245 0.047655 0.568835 0.056732 0.609682
0 0.342663 0.698941 0.359304 0.706505 0.365356 0.685325 0.386536 0.706505 0.385023 0.724660 0.368381 0.721634 0.374433 0.735250 0.371407 0.751891 0.394100 0.756430 0.398638 0.733737 0.427383 0.736762 0.445537 0.718608 0.472769 0.708018 0.466717 0.683812 0.483359 0.691377 0.531770 0.692890 0.531770 0.653555 0.507564 0.626324 0.539334 0.591528 0.533283 0.559758 0.534796 0.531014 0.534796 0.479576 0.501513 0.494705 0.483359 0.468986 0.474281 0.499244 0.451589 0.518911 0.416793 0.511346 0.353253 0.532526 0.306354 0.535552 0.294251 0.518911 0.268533 0.537065 0.263994 0.567322 0.270045 0.591528 0.277610 0.635401 0.289713 0.652042 0.312405 0.661120
0 0.253404 0.524962 0.235250 0.496218 0.218608 0.476551 0.256430 0.450832 0.274584 0.473525 0.294251 0.452345 0.330560 0.440242 0.319970 0.396369 0.348714 0.379728 0.388048 0.363086 0.415280 0.355522 0.427383 0.326778 0.447050 0.332829 0.466717 0.317700 0.487897 0.343419 0.513616 0.357035 0.545386 0.378215 0.559002 0.417549 0.578669 0.441755 0.571104 0.476551 0.549924 0.476551 0.507564 0.478064 0.483359 0.455371 0.460666 0.502269 0.448563 0.508321 0.416793 0.503782 0.362330 0.523449 0.315431 0.527988 0.292738 0.509834
0 0.575643 0.411498 0.583207 0.366112 0.599849 0.338880 0.625567 0.322239 0.648260 0.375189 0.655825 0.416036 0.670953 0.455371 0.710287 0.431165 0.725416 0.470499 0.745083 0.487141 0.770802 0.467474 0.799546 0.509834 0.832829 0.527988 0.820726 0.571861 0.819213 0.600605 0.773827 0.623298 0.736006 0.620272 0.743570 0.644478 0.716339 0.658094 0.723903 0.691377 0.717852 0.703480 0.693646 0.704992 0.696672 0.691377 0.649773 0.704992 0.640696 0.682300 0.605900 0.703480 0.596823 0.720121 0.566566 0.704992 0.566566 0.688351 0.534796 0.694402 0.542360 0.653555 0.525719 0.629349 0.545386 0.591528 0.549924 0.485628 0.575643 0.479576 0.584720 0.443268
0 0.639183 0.322239 0.680030 0.254160 0.766263 0.239032 0.793495 0.219365 0.854009 0.246596 0.876702 0.298033 0.911498 0.296520 0.926626 0.349470 0.938729 0.370651 0.955371 0.338880 0.994705 0.350983 0.996218 0.400908 0.996218 0.425113 0.962935 0.419062 0.914523 0.408472 0.917549 0.440242 0.914523 0.479576 0.905446 0.506808 0.884266 0.529501 0.840393 0.524962 0.810136 0.503782 0.778366 0.459909 0.746596 0.470499 0.728442 0.431165 0.720877 0.422088 0.687595 0.438729 0.680030 0.397882
0 0.994705 0.450832 0.959909 0.449319 0.940242 0.490166 0.917549 0.490166 0.903933 0.534039 0.919062 0.577912 0.887292 0.647504 0.949319 0.674735 0.997731 0.670197 0.987141 0.452345
0 0.717852 0.718608 0.755673 0.727685 0.813162 0.730711 0.825265 0.692890 0.843419 0.665658 0.887292 0.623298 0.849470 0.577912 0.805598 0.612708 0.751135 0.629349 0.734493 0.667171
0 0.002269 0.851740 0.053707 0.850227 0.082451 0.833585 0.126324 0.826021 0.147504 0.845688 0.192890 0.856278 0.236762 0.888048 0.286687 0.901664 0.292738 0.937973 0.276097 0.966717 0.307867 0.969743 0.295764 0.987897 0.310893 0.996974 0.005295 0.998487
0 0.327534 0.996974 0.318457 0.968230 0.298790 0.954614 0.312405 0.901664 0.329047 0.871407 0.356278 0.862330 0.348714 0.819970 0.374433 0.794251 0.430408 0.800303 0.454614 0.832073 0.472769 0.807867 0.495461 0.798790 0.507564 0.771558 0.537821 0.810893 0.555976 0.806354 0.555976 0.777610 0.602874 0.747352 0.618003 0.800303 0.658850 0.789713 0.704236 0.779123 0.731467 0.807867 0.760212 0.845688 0.746596 0.866868 0.772315 0.871407 0.816188 0.894100 0.811649 0.922844 0.784418 0.954614 0.776853 0.986384 0.752648 1.000000
0 0.820726 0.874433 0.863086 0.865356 0.882753 0.885023 0.913011 0.866868 0.931165 0.889561 0.956883 0.877458 0.996218 0.881997 1.000000 0.998487 0.785930 0.998487 0.791982 0.956127 0.820726 0.924357
0 0.758699 0.000000 0.776853 0.021180 0.810136 0.051437 0.820726 0.068079 0.835855 0.055976 0.857035 0.074130 0.876702 0.062027 0.903933 0.046899 0.931165 0.019667 0.925113 0.000000
