0 0.410741 0.293495 0.428896 0.261725 0.416793 0.243570 0.416793 0.223903 0.394100 0.204236 0.368381 0.211800 0.354766 0.226929 0.335098 0.248109 0.336611 0.270802 0.356278 0.291982 0.380484 0.296520
0 0.090015 0.003026 0.088502 0.039334 0.103631 0.068079 0.158094 0.111952 0.194402 0.130106 0.232224 0.131619 0.270045 0.116490 0.291225 0.095310 0.330560 0.055976 0.354766 0.043873 0.344176 0.018154 0.339637 0.000000
0 0.191377 0.285930 0.233737 0.293495 0.298790 0.272315 0.298790 0.229955 0.270045 0.190620 0.230711 0.189107 0.174735 0.205749 0.142965 0.239032 0.171710 0.249622
0 0.076399 0.308623 0.099092 0.263238 0.093041 0.232980 0.077912 0.198185 0.037065 0.192133 0.026475 0.208775 0.021936 0.187595 0.000000 0.204236 0.000000 0.266263 0.035552 0.308623
0 0.344176 0.074130 0.339637 0.086233 0.313918 0.096823 0.307867 0.127080 0.321483 0.140696 0.341150 0.158850 0.377458 0.146747 0.406203 0.154312 0.415280 0.133132 0.407716 0.113464 0.389561 0.092284 0.366868 0.077156
0 0.487897 0.220877 0.501513 0.237519 0.515129 0.252648 0.522693 0.269289 0.557489 0.281392 0.549924 0.316188 0.559002 0.331316 0.543873 0.344932 0.515129 0.344932 0.506051 0.369138 0.477307 0.378215 0.456127 0.363086 0.442511 0.358548 0.427383 0.361573 0.437973 0.317700 0.442511 0.266263
0 0.419818 0.084720 0.428896 0.131619 0.448563 0.151286 0.465204 0.192133 0.490923 0.172466 0.518154 0.172466 0.534796 0.155825 0.555976 0.163389 0.571104 0.133132 0.586233 0.105900 0.589259 0.087746 0.577156 0.071104 0.562027 0.055976 0.531770 0.048411 0.531770 0.025719 0.487897 0.042360 0.472769 0.063540 0.445537 0.069592
0 0.056732 0.175492 0.068835 0.137670 0.059758 0.104387 0.090015 0.080182 0.112708 0.083207 0.152042 0.111952 0.183812 0.124054 0.214070 0.136157 0.235250 0.133132 0.271558 0.127080 0.286687 0.143722 0.291225 0.160363 0.286687 0.178517 0.271558 0.184569 0.235250 0.184569 0.212557 0.189107 0.179274 0.202723 0.156581 0.217852 0.136914 0.214826 0.106657 0.216339 0.090015 0.202723 0.053707 0.195159
0 0.291225 0.453858 0.270045 0.434191 0.253404 0.431165 0.241301 0.400908 0.273071 0.382753 0.295764 0.390318 0.312405 0.406959 0.313918 0.425113
0 0.080938 0.945537 0.103631 0.931921 0.108169 0.907716 0.080938 0.901664 0.056732 0.916793
0 0.493949 0.897126 0.524206 0.886536 0.534796 0.857791 0.519667 0.844175 0.489410 0.835098 0.471256 0.853253 0.462179 0.872920
0 0.533283 0.839637 0.551437 0.838124 0.565053 0.854765 0.569592 0.878971 0.566566 0.895613 0.551437 0.898638 0.530257 0.892587 0.540847 0.862330
0 0.838880 0.980333 0.861573 0.960666 0.900908 0.960666 0.917549 0.971256 0.913011 0.990923 0.873676 0.996974 0.858548 1.000000
0 0.475794 0.391831 0.466717 0.413011 0.456127 0.428139 0.466717 0.449319 0.496974 0.432678 0.521180 0.397882 0.507564 0.375189
0 0.534796 0.425113 0.586233 0.444781 0.621029 0.447806 0.643722 0.423601 0.651286 0.396369 0.619516 0.366112 0.572617 0.373676
0 0.666415 0.124054 0.646747 0.145234 0.634644 0.169440 0.672466 0.189107 0.710287 0.178517 0.710287 0.151286
0 0.778366 0.214826 0.755673 0.248109 0.755673 0.285930 0.775340 0.310136 0.799546 0.328290 0.838880 0.319213 0.876702 0.308623 0.894856 0.269289 0.875189 0.225416 0.834342 0.178517
0 0.849470 0.166415 0.893343 0.219365 0.935704 0.211800 0.958396 0.175492 0.949319 0.148260 0.909985 0.114977 0.849470 0.130106
0 0.807110 0.341906 0.811649 0.367625 0.861573 0.355522 0.878215 0.316188
0 0.798033 0.397882 0.770802 0.426626 0.787443 0.462935 0.817700 0.478064 0.854009 0.473525 0.884266 0.458396 0.887292 0.428139 0.879728 0.394856 0.855522 0.372163 0.811649 0.382753
0 0.961422 0.382753 0.929652 0.402421 0.944781 0.431165 0.944781 0.447806 0.975038 0.497731 0.999244 0.496218 0.994705 0.449319 0.982602 0.408472
0 0.994705 0.296520 0.975038 0.301059 0.959909 0.334342 0.961422 0.358548 0.987141 0.390318 1.000000 0.384266
0 0.993192 0.257186 0.975038 0.186082 0.964448 0.151286 0.990166 0.116490 0.997731 0.134644
0 0.725416 0.006051 0.728442 0.034796 0.739032 0.069592 0.793495 0.055976 0.813162 0.036309 0.841906 0.001513 0.798033 0.000000
0 0.359304 0.003026 0.374433 0.057489 0.448563 0.062027 0.492436 0.030257 0.528744 0.000000
0 0.000756 0.062027 0.009834 0.066566 0.023449 0.037821 0.038578 0.086233 0.067322 0.084720 0.056732 0.102874 0.062784 0.133132 0.047655 0.181543 0.021936 0.181543 0.002269 0.189107
0 0.353253 0.434191 0.347201 0.409985 0.360817 0.399395 0.378971 0.414523 0.380484 0.441755
0 0.757186 0.428139 0.761725 0.406959 0.740545 0.396369 0.719365 0.411498 0.716339 0.434191 0.728442 0.449319
0 0.760212 0.446293 0.710287 0.453858 0.720877 0.475038 0.752648 0.472012 0.782905 0.467474
0 0.000756 0.511346 0.026475 0.488654 0.006808 0.462935
0 0.027988 0.503782 0.041604 0.523449 0.068835 0.511346 0.061271 0.479576 0.032526 0.472012
0 0.882753 0.000000 0.872163 0.018154 0.869138 0.040847 0.899395 0.039334 0.938729 0.036309 0.959909 0.012103 0.946294 0.000000
0 0.832829 0.160363 0.796520 0.134644 0.808623 0.084720 0.855522 0.065053 0.896369 0.080182 0.896369 0.111952 0.846445 0.122542
0 0.552950 0.534039 0.598336 0.556732 0.651286 0.537065 0.663389 0.502269 0.648260 0.453858 0.607413 0.453858 0.531770 0.452345 0.507564 0.453858 0.509077 0.496218
