0 0.278675 0.008078 0.223748 0.105008 0.265751 0.192246 0.341680 0.198708 0.346527 0.164782 0.398223 0.148627 0.404685 0.114701 0.422456 0.082391 0.414378 0.058158 0.367528 0.048465 0.367528 0.021002 0.328756 0.008078
0 0.485460 0.132472 0.430533 0.138934 0.391761 0.185784 0.404685 0.222940 0.445073 0.261712 0.495153 0.250404 0.532310 0.218094 0.529079 0.171244
0 0.605008 0.205170 0.551696 0.219709 0.522617 0.261712 0.521002 0.323102 0.587237 0.374798 0.640549 0.357027 0.676090 0.327948 0.690630 0.263328 0.669628 0.208401
0 0.855412 0.434572 0.819871 0.476575 0.776252 0.515347 0.689442 0.542621 0.651430 0.577782 0.653473 0.659128 0.671244 0.730210 0.743609 0.757389 0.821486 0.756058 0.869952 0.676898 0.863490 0.618740 0.847334 0.573506 0.808562 0.539580 0.776252 0.513732 0.848950 0.570275 0.897415 0.508885 0.921648 0.452343 0.873183 0.429725 0.824717 0.775444 0.832795 0.843296 0.860258 0.864297 0.890953 0.891761 0.934572 0.917609 0.949111 0.959612 0.997577 1.000000 1.000000 0.962843 0.994346 0.431341 0.923263 0.449111 0.920032 0.452343 0.924879 0.457189 0.924879 0.457189
0 0.004039 0.357027 0.041195 0.395800 0.033118 0.413570 0.018578 0.418417 0.002423 0.415186
0 0.094507 0.460420 0.052504 0.411955 0.000808 0.423263 0.000000 0.820679 0.044426 0.801292 0.115509 0.741519 0.115509 0.689822 0.118740 0.636510 0.102585 0.607431 0.121971 0.589661 0.115509 0.497577
0 0.739095 0.835218 0.684691 0.784947 0.602965 0.777345 0.554927 0.817447 0.587237 0.878837 0.554927 0.907916 0.575929 0.956381 0.592084 1.000000 0.818255 1.000000 0.779483 0.967690 0.753635 0.941842 0.769790 0.909531 0.758481 0.864297
0 0.798869 0.009693 0.813409 0.075929 0.853796 0.106624 0.890953 0.092084 0.921648 0.051696 0.902262 0.006462 0.887722 0.000000
0 0.976575 0.000000 0.934572 0.037157 0.894184 0.103393 0.949111 0.161551 0.989499 0.142165
0 0.995961 0.229402 0.958804 0.203554 0.958804 0.159935 0.995961 0.138934
