0 0.813864 0.134360 0.797604 0.151476 0.799315 0.167736 0.811297 0.182285 0.825845 0.195122 0.846384 0.203680 0.878049 0.199401 0.903723 0.172015 0.914848 0.136072 0.900299 0.114677 0.866068 0.100984 0.843817 0.102696 0.823278 0.112110
0 0.007702 0.156611 0.032092 0.134788 0.050064 0.150193 0.071887 0.155327 0.083440 0.188703 0.077022 0.216945 0.055199 0.236200 0.035944 0.242619 0.010270 0.241335 0.001284 0.225931
0 0.000000 0.462644 0.039795 0.459564 0.068036 0.487805 0.075738 0.508344 0.056483 0.537869 0.051348 0.553273 0.000000 0.556098
0 0.122208 0.762003 0.155071 0.767651 0.175610 0.770732 0.182798 0.766110 0.207445 0.786650 0.200770 0.823620 0.200257 0.854429 0.188960 0.871887 0.138126 0.873941 0.099615 0.864698 0.073941 0.842105 0.085237 0.805135 0.103723 0.776893
0 0.811810 0.272144 0.826701 0.255199 0.860077 0.258280 0.921181 0.284467 0.924262 0.318870 0.919127 0.344031 0.895507 0.348652 0.885238 0.375353 0.862644 0.392811 0.835944 0.390757 0.806675 0.355841 0.784082 0.329653 0.781001 0.304493 0.803081 0.289089
0 0.780488 0.421566 0.793325 0.447754 0.829782 0.452888 0.816945 0.476508 0.837484 0.491913 0.817972 0.524262 0.827214 0.545828 0.792811 0.576123 0.797433 0.591014 0.737869 0.630552 0.637741 0.558151 0.655199 0.507831 0.680359 0.450834 0.711682 0.415404 0.756868 0.407189
0 0.768164 0.770732 0.711168 0.823620 0.812324 0.842105 0.871887 0.815404 0.860077 0.762003 0.862644 0.725546 0.807189 0.737869
0 0.000000 0.920154 0.026701 0.921181 0.040565 0.938639 0.040565 0.973042 0.043646 0.997689 0.000000 0.996149
0 0.184852 0.908857 0.164313 0.936072 0.140693 0.960205 0.137612 0.985879 0.176637 0.997689 0.681115 0.997508 0.727177 0.897833 0.666767 0.808729 0.602583 0.784565 0.499132 0.684890 0.404742 0.629012 0.345088 0.675074 0.370007 0.875934 0.317149 0.877445 0.313373 0.841954 0.294495 0.851771 0.258250 0.817035
0 0.242619 0.259307 0.273427 0.329910 0.323492 0.374840 0.373556 0.386393 0.418485 0.336329 0.467266 0.359435 0.507060 0.340180 0.477535 0.264442 0.440308 0.224647 0.373556 0.160462 0.306804 0.150193 0.261874 0.187420 0.236200 0.260591
0 0.419769 0.077022 0.382542 0.145058 0.396662 0.173299 0.469833 0.261874 0.545571 0.269576 0.571245 0.233633 0.560976 0.133504 0.550706 0.066752 0.513479 0.039795 0.463415 0.019255
0 0.558786 0.043797 0.591256 0.004531 0.676584 0.004531 0.677339 0.084573 0.704523 0.141962 0.714340 0.167636 0.666767 0.209167 0.624481 0.229555 0.578419 0.234086 0.570112 0.150268 0.558786 0.082308
0 0.258766 0.033782 0.285792 0.062158 0.287818 0.078373 0.327681 0.077697 0.329032 0.050672 0.352679 0.050672 0.361462 0.023647 0.340518 0.006081 0.297953 0.000000 0.261469 0.002027 0.262144 0.035133
0 0.104047 0.127694 0.131072 0.141882 0.147287 0.171610 0.179042 0.202689 0.222282 0.189176 0.218904 0.149314 0.204040 0.135126 0.222958 0.126343 0.233092 0.092561 0.197284 0.075671 0.187150 0.057429 0.170259 0.051348 0.139180 0.028376 0.110803 0.029728 0.089183 0.031755 0.081076 0.077697
