0 0.502677 0.372490 0.466533 0.312249 0.374163 0.300201 0.299866 0.432731 0.360107 0.488956 0.408300 0.498996 0.476573 0.468875
0 0.480589 0.605422 0.398260 0.501004 0.468541 0.458835 0.484605 0.414659 0.552878 0.404618 0.570950 0.442771 0.617135 0.440763 0.617135 0.468875 0.649264 0.507028 0.591031 0.553213 0.542838 0.593373
0 0.456493 0.001004 0.506693 0.061245 0.560910 0.065261 0.605087 0.035141 0.637215 0.045181 0.669344 0.025100 0.677376 0.047189 0.707497 0.039157 0.733601 0.000000
0 0.002677 0.069277 0.000000 0.000000 0.115127 0.000000 0.060910 0.035141
0 0.131191 0.458835 0.195448 0.454819 0.235609 0.488956 0.237617 0.555221 0.185408 0.591365 0.121151 0.593373 0.062918 0.547189 0.089023 0.484940
0 0.042838 0.430723 0.002677 0.432731 0.000000 0.541165 0.062918 0.547189 0.085007 0.492972
0 0.002677 0.878514 0.026774 0.826305 0.097055 0.826305 0.141232 0.848394 0.133199 0.896586 0.125167 0.936747 0.099063 0.966868 0.058902 0.978916 0.026774 0.960843 0.020750 0.930723 0.000669 0.926707
0 0.597055 0.982932 0.689424 0.976908 0.705489 0.910643 0.653280 0.852410 0.576975 0.852410 0.562918 0.920683
0 0.376171 0.994980 0.331995 0.924699 0.247657 0.886546 0.189424 0.902610 0.153280 0.950803 0.143240 1.000000
0 0.452477 0.998996 0.504685 0.936747 0.556894 0.916667 0.689424 0.970884 0.689424 0.994980 0.464525 0.992972
0 0.002677 0.994980 0.024766 0.970884 0.064926 0.978916 0.064926 0.978916 0.115127 0.958835 0.139224 0.966868 0.143240 1.000000
0 0.587015 0.607430 0.629183 0.605422 0.661312 0.529116 0.643240 0.511044 0.568942 0.567269
0 0.823962 0.713855 0.840027 0.750000 0.874163 0.758032 0.906292 0.745984 0.902276 0.723896 0.882195 0.705823 0.854083 0.689759
