0 0.221168 0.750000 0.299635 0.731752 0.359854 0.693431 0.387226 0.697080 0.383577 0.751825 0.427372 0.804744 0.412774 0.837591 0.427372 0.848540 0.454745 0.832117 0.462044 0.854015 0.389051 1.000000 0.294161 0.981752 0.210219 1.000000 0.128102 0.905110 0.129927 0.874088 0.162774 0.861314
0 0.230292 0.001825 0.219343 0.031022 0.248540 0.052920 0.226642 0.087591 0.266788 0.124088 0.381752 0.113139 0.416423 0.051095 0.390876 0.000000 0.390876 0.000000
0 0.069708 0.481752 0.106204 0.489051 0.124453 0.534671 0.113504 0.572993 0.084307 0.596715 0.036861 0.587591 0.011314 0.540146 0.025912 0.500000
0 0.007664 0.744526 0.038686 0.717153 0.031387 0.704380 0.005839 0.700730 0.000000 0.713504
0 0.018613 0.642336 0.047810 0.642336 0.053285 0.678832 0.025912 0.702555 0.000000 0.682482 0.000365 0.644161
0 0.555109 0.664234 0.617153 0.649635 0.624453 0.713504 0.595255 0.733577 0.525912 0.729927
0 0.540511 0.817518 0.602555 0.844890 0.566058 0.928832 0.493066 0.885037
0 0.456569 0.897810 0.485766 0.894161 0.540511 0.923358 0.544161 0.956204 0.536861 0.992701 0.400000 1.000000
0 0.799635 0.507299 0.834307 0.510949 0.836131 0.540146 0.827007 0.565693 0.783212 0.560219 0.770438 0.547445 0.770438 0.532847
0 0.108029 0.291971 0.135401 0.295620 0.153650 0.335766 0.142701 0.390511 0.102555 0.392336 0.060584 0.348540
0 0.790511 0.094891 0.848905 0.093066 0.865328 0.109489 0.843431 0.156934 0.786861 0.155109
0 0.556934 0.751825 0.602555 0.750000 0.624453 0.784671 0.604380 0.839416 0.535036 0.804744
