0 0.673360 0.446787 0.705489 0.480924 0.777778 0.509036 0.886212 0.474900 0.940428 0.400602 0.976573 0.362450 0.946452 0.320281 0.930388 0.272088 0.852075 0.247992 0.817938 0.237952 0.729585 0.239960 0.683400 0.252008 0.667336 0.310241 0.673360 0.398594
0 0.699464 0.221888 0.687416 0.155622 0.733601 0.147590 0.765730 0.171687 0.775770 0.223896
0 0.934404 0.157631 1.000000 0.075301 1.000000 0.000000 0.876171 0.000000 0.825971 0.055221 0.809906 0.089357 0.805890 0.119478
0 0.938420 0.183735 0.940428 0.221888 0.978581 0.245984 1.000000 0.272088 1.000000 0.081325
0 0.994645 0.302209 0.946452 0.310241 0.930388 0.268072 0.813922 0.231928 0.829987 0.187751 0.858099 0.151606 0.930388 0.157631 0.942436 0.231928 0.996653 0.284137
0 0.530790 0.605422 0.440428 0.581325 0.364123 0.601406 0.342035 0.673695 0.370147 0.745984 0.380187 0.772088 0.452477 0.756024 0.472557 0.721888 0.532798 0.731928 0.540830 0.661647
0 0.996653 0.505020 0.932396 0.511044 0.886212 0.492972 0.894244 0.456827 0.956493 0.390562 0.994645 0.360442 0.998661 0.412651
0 0.998661 0.637550 0.964525 0.645582 0.936412 0.703815 0.886212 0.709839 0.844043 0.669679 0.817938 0.619478 0.825971 0.539157 0.872155 0.551205 0.902276 0.496988 0.998661 0.513052
0 0.996653 0.752008 0.942436 0.709839 0.970549 0.645582 0.994645 0.635542
0 0.998661 0.842369 0.892236 0.838353 0.829987 0.878514 0.817938 0.920683 0.860107 0.960843 0.874163 0.994980 0.948460 1.000000 1.000000 0.998996
0 0.996653 0.804217 0.994645 0.760040 0.932396 0.703815 0.928380 0.784137 0.886212 0.832329 0.994645 0.842369
0 0.777778 0.788153 0.777778 0.846386 0.759705 0.860442 0.699464 0.844378 0.695448 0.878514 0.749665 0.904618 0.805890 0.906627 0.900268 0.828313 0.787818 0.792169
0 0.733601 0.699799 0.713521 0.645582 0.737617 0.627510 0.725569 0.579317 0.799866 0.565261 0.825971 0.587349 0.858099 0.657631 0.878179 0.709839 0.838019 0.756024 0.797858 0.754016
0 0.749665 0.764056 0.689424 0.729920 0.633199 0.778112 0.635207 0.822289 0.709505 0.830321 0.735609 0.840361
0 0.745649 0.733936 0.731593 0.780120 0.765730 0.810241 0.870147 0.826305 0.936412 0.786145 0.932396 0.705823 0.844043 0.705823 0.829987 0.747992
0 0.552878 0.996988 0.540830 0.930723 0.570950 0.894578 0.629183 0.856426 0.661312 0.826305 0.701473 0.836345 0.693440 0.880522 0.765730 0.910643 0.783802 0.966868 0.817938 0.930723 0.868139 0.974900 0.868139 1.000000
0 0.048862 0.713855 0.147256 0.762048 0.261713 0.683735 0.287818 0.621486 0.199464 0.505020 0.030790 0.517068 0.000000 0.613454 0.000000 0.725904
0 0.159304 0.850402 0.139224 0.762048 0.269746 0.685743 0.283802 0.641566 0.346051 0.649598 0.360107 0.721888 0.360107 0.774096 0.223561 0.830321
0 0.580991 0.557229 0.631191 0.567269 0.709505 0.553213 0.709505 0.488956 0.631191 0.452811 0.593039 0.492972 0.556894 0.478916 0.534806 0.507028 0.585007 0.569277
0 0.572958 0.721888 0.528782 0.727912 0.546854 0.649598 0.520750 0.593373 0.540830 0.543173 0.595047 0.569277 0.653280 0.575301 0.641232 0.607430 0.593039 0.625502 0.597055 0.673695
0 0.472557 0.541165 0.444444 0.575301 0.520750 0.603414 0.530790 0.549197
0 0.119143 0.456827 0.111111 0.444779 0.038822 0.460843 0.044846 0.501004 0.179384 0.511044
0 0.074966 0.412651 0.010709 0.396586 0.000000 0.428715 0.028782 0.452811 0.074966 0.438755
0 0.002677 0.456827 0.022758 0.452811 0.044846 0.464859 0.034806 0.509036 0.006693 0.509036
