0 0.523338 0.049531 0.488532 0.049531 0.485855 0.066934 0.477822 0.081660 0.479161 0.103079 0.464436 0.128514 0.479161 0.143240 0.505935 0.159304 0.499241 0.168675 0.524677 0.172691 0.539402 0.172691 0.570192 0.183400 0.568853 0.147256 0.584917 0.141901 0.586256 0.127175 0.591611 0.116466 0.584917 0.101740 0.587595 0.089692 0.576885 0.070950 0.570192 0.085676 0.558144 0.069612 0.547434 0.058902 0.539402 0.058902
0 0.003927 0.401606 0.021330 0.413655 0.030701 0.429719 0.032039 0.444444 0.045426 0.468541 0.026685 0.487282 0.000000 0.489960
0 0.181972 0.540830 0.185988 0.528782 0.183311 0.512718 0.169924 0.499331 0.165908 0.479250 0.153860 0.479250 0.133780 0.489960 0.131102 0.515395 0.109683 0.515395 0.107006 0.507363 0.080232 0.530120 0.090942 0.554217 0.168585 0.555556
0 0.240875 0.437751 0.223472 0.448461 0.216778 0.465863 0.232843 0.471218 0.236859 0.477912 0.250245 0.476573 0.258278 0.467202 0.255600 0.449799
0 0.163231 0.397590 0.149844 0.396252 0.136457 0.396252 0.113699 0.398929 0.112361 0.398929 0.117715 0.417671 0.121731 0.432396 0.125747 0.437751 0.133780 0.452477 0.132441 0.461847 0.133780 0.481928 0.143150 0.480589 0.160553 0.477912 0.163231 0.463186 0.171263 0.439090 0.169924 0.421687
0 0.568853 0.200803 0.559482 0.200803 0.546095 0.195448 0.539402 0.192771 0.532709 0.182062 0.516644 0.182062 0.500580 0.194110 0.492548 0.207497 0.489871 0.224900 0.503258 0.243641 0.504596 0.262383 0.495225 0.274431 0.499241 0.286479 0.524677 0.293173 0.547434 0.302544 0.551450 0.289157 0.564837 0.286479 0.571531 0.275770 0.586256 0.275770 0.587595 0.253012 0.590272 0.239625 0.583579 0.235609
0 0.777689 0.065596 0.795092 0.056225 0.795092 0.046854 0.804462 0.032129 0.799108 0.022758 0.785721 0.012048 0.775011 0.009371 0.764302 0.017403 0.760286 0.034806 0.745560 0.033467 0.736189 0.046854 0.730834 0.046854 0.721464 0.048193 0.724141 0.062918 0.745560 0.069612 0.754931 0.058902
0 0.801785 0.092369 0.796430 0.085676 0.783043 0.081660 0.775011 0.081660 0.770995 0.081660 0.762963 0.085676 0.756270 0.087015 0.752253 0.091031 0.756270 0.099063 0.756270 0.107095 0.752253 0.112450 0.750915 0.113788 0.744221 0.116466 0.737528 0.120482 0.746899 0.136546 0.757608 0.136546 0.777689 0.135208 0.780366 0.128514 0.788398 0.119143 0.788398 0.112450 0.799108 0.100402
0 0.766979 0.199465 0.777689 0.196787 0.792414 0.196787 0.795092 0.183400 0.800446 0.175368 0.791075 0.165997 0.789737 0.159304 0.783043 0.144578 0.777689 0.139224 0.762963 0.148594 0.749576 0.147256 0.741544 0.144578 0.741544 0.161981 0.738867 0.167336 0.730834 0.179384 0.724141 0.187416 0.721464 0.195448 0.740205 0.200803 0.740205 0.200803 0.757608 0.204819 0.760286 0.200803
0 0.915573 0.174029 0.922267 0.165997 0.932976 0.156627 0.932976 0.155288 0.932976 0.135208 0.939670 0.127175 0.942347 0.112450 0.950379 0.104418 0.953057 0.099063 0.951718 0.087015 0.938331 0.080321 0.932976 0.076305 0.923606 0.050870 0.903525 0.068273 0.890138 0.068273 0.876751 0.072289 0.875413 0.089692 0.863365 0.100402 0.845962 0.104418 0.845962 0.115127 0.845962 0.129853 0.844623 0.147256 0.863365 0.167336 0.875413 0.175368 0.886122 0.175368 0.898170 0.178046
0 0.922267 0.222222 0.914235 0.220884 0.908880 0.211513 0.908880 0.211513 0.903525 0.204819 0.886122 0.203481 0.883445 0.203481 0.875413 0.204819 0.874074 0.212851 0.871397 0.218206 0.855332 0.222222 0.853994 0.222222 0.847300 0.230254 0.847300 0.235609 0.847300 0.238286 0.843284 0.251673 0.843284 0.253012 0.855332 0.269076 0.860687 0.273092 0.860687 0.273092 0.860687 0.282463 0.853994 0.286479 0.844623 0.290495 0.843284 0.291834 0.843284 0.309237 0.852655 0.318608 0.862026 0.329317 0.880768 0.331995 0.886122 0.326640 0.886122 0.315930 0.891477 0.305221 0.896832 0.298527 0.896832 0.298527 0.904864 0.301205 0.922267 0.315930 0.936992 0.311914 0.938331 0.311914 0.936992 0.290495 0.936992 0.279786 0.934315 0.275770 0.931638 0.274431 0.938331 0.270415 0.932976 0.258367 0.927622 0.250335 0.927622 0.248996 0.943686 0.244980 0.934315 0.244980
0 0.792414 0.325301 0.800446 0.325301 0.803124 0.326640 0.816510 0.331995 0.825881 0.333333 0.835252 0.330656 0.831236 0.319946 0.820527 0.314592 0.820527 0.306560 0.823204 0.303882 0.823204 0.291834 0.828559 0.286479 0.825881 0.283802 0.819188 0.266399 0.813833 0.262383 0.820527 0.247657 0.828559 0.238286 0.827220 0.234270 0.809817 0.236948 0.809817 0.236948 0.791075 0.239625 0.769656 0.257028 0.783043 0.269076 0.776350 0.295850 0.780366 0.323963
0 0.858010 0.417671 0.847300 0.402945 0.841946 0.390897 0.819188 0.372155 0.812494 0.358768 0.811156 0.354752 0.803124 0.344043 0.781705 0.323963 0.779027 0.323963 0.765640 0.326640 0.761624 0.330656 0.758947 0.350736 0.764302 0.366801 0.762963 0.377510 0.756270 0.386881 0.761624 0.408300 0.766979 0.417671 0.773672 0.431058 0.783043 0.451138 0.783043 0.461847 0.784382 0.480589 0.789737 0.491299 0.800446 0.495315 0.821865 0.495315 0.829897 0.497992 0.836591 0.510040 0.841946 0.516734 0.855332 0.516734 0.858010 0.516734 0.859349 0.510040 0.851316 0.497992 0.860687 0.489960 0.866042 0.471218 0.858010 0.463186 0.851316 0.440428 0.858010 0.425703
0 0.892816 0.618474 0.882106 0.606426 0.876751 0.590361 0.868719 0.582329 0.864703 0.567604 0.864703 0.567604 0.860687 0.548862 0.843284 0.523427 0.832575 0.526104 0.831236 0.547523 0.831236 0.576975 0.837929 0.597055 0.841946 0.610442 0.848639 0.631861 0.849978 0.657296 0.844623 0.682731 0.874074 0.681392 0.882106 0.659973
0 0.904864 0.767068 0.890138 0.757697 0.882106 0.744311 0.875413 0.733601 0.862026 0.744311 0.860687 0.749665 0.847300 0.753681 0.845962 0.753681 0.839268 0.753681 0.847300 0.767068 0.860687 0.780455 0.863365 0.781794 0.859349 0.801874 0.858010 0.801874 0.868719 0.807229 0.878090 0.804552 0.887461 0.799197 0.892816 0.792503 0.896832 0.785810 0.900848 0.775100
0 0.532709 0.898260 0.534047 0.888889 0.531370 0.875502 0.521999 0.867470 0.521999 0.867470 0.512628 0.867470 0.508612 0.872825 0.505935 0.879518 0.504596 0.886212 0.508612 0.890228 0.508612 0.890228 0.526015 0.896921
0 0.969121 0.963855 0.938331 0.950469 0.939670 0.941098 0.939670 0.933066 0.923606 0.912985 0.923606 0.904953 0.919589 0.887550 0.899509 0.876841 0.887461 0.886212 0.883445 0.899598 0.883445 0.906292 0.882106 0.912985 0.891477 0.927711 0.894154 0.931727 0.896832 0.934404 0.892816 0.942436 0.887461 0.949130 0.871397 0.949130 0.863365 0.950469 0.875413 0.969210 0.875413 0.970549 0.874074 0.979920 0.841946 0.970549 0.849978 0.990629 0.892816 1.000000 0.919589 1.000000 0.930299 1.000000 0.931638 0.998661 0.950379 0.995984 0.959750 0.977242
0 0.979830 0.934404 0.989201 0.926372 0.967782 0.934404 0.959750 0.949130 0.951718 0.950469 0.943686 0.941098 0.938331 0.927711 0.938331 0.923695 0.923606 0.904953 0.927622 0.895582 0.953057 0.895582 0.982508 0.895582 0.987863 0.886212 0.990540 0.863454 0.998572 0.876841 1.000000 0.922356 0.994556 0.930388 0.985185 0.921017 0.989201 0.927711
0 0.950379 0.499331 0.938331 0.489960 0.927622 0.476573 0.919589 0.476573 0.915573 0.476573 0.903525 0.465863 0.896832 0.479250 0.896832 0.479250 0.887461 0.479250 0.880768 0.473896 0.872735 0.473896 0.863365 0.461847 0.860687 0.457831 0.860687 0.453815 0.860687 0.437751 0.860687 0.420348 0.862026 0.396252 0.855332 0.409639 0.843284 0.386881 0.858010 0.366801 0.876751 0.357430 0.887461 0.353414 0.898170 0.348059 0.907541 0.346720 0.923606 0.346720 0.945025 0.346720 0.943686 0.336011 0.955734 0.336011 0.967782 0.337349 0.977153 0.341365 0.985185 0.344043 0.997233 0.352075 0.997233 0.372155 0.997233 0.388220 0.995895 0.402945 0.994556 0.410977 0.994556 0.428380 0.994556 0.428380 0.983846 0.424364 0.978492 0.425703 0.963766 0.439090 0.957073 0.448461 0.970460 0.455154 0.978492 0.455154 0.979830 0.455154 0.979830 0.480589 0.975814 0.493976 0.963766 0.502008
0 0.990540 0.265060 0.998572 0.244980 0.994556 0.240964 0.967782 0.248996 0.957073 0.255689 0.951718 0.261044 0.946363 0.279786 0.946363 0.286479 0.946363 0.303882 0.946363 0.311914 0.950379 0.314592 0.969121 0.323963 0.971798 0.326640 0.995895 0.337349 1.000000 0.340027 1.000000 0.323963 1.000000 0.323963 1.000000 0.302544 1.000000 0.290495 1.000000 0.271754
0 0.995895 0.540830 0.986524 0.534137 0.973137 0.532798 0.954395 0.531459 0.935654 0.531459 0.922267 0.539491 0.914235 0.551539 0.907541 0.566265 0.903525 0.575636 0.900848 0.587684 0.898170 0.605087 0.904864 0.627845 0.907541 0.634538 0.916912 0.647925 0.914235 0.650602 0.904864 0.661312 0.896832 0.670683 0.887461 0.682731 0.884784 0.684070 0.879429 0.701473 0.883445 0.710843 0.888800 0.717537 0.894154 0.728246 0.892816 0.741633 0.900848 0.752343 0.914235 0.761714 0.915573 0.783132 0.911557 0.791165 0.900848 0.805890 0.887461 0.819277 0.887461 0.824632 0.894154 0.834003 0.914235 0.840696 0.931638 0.842035 0.949041 0.842035 0.958411 0.836680 0.961089 0.834003 0.965105 0.821954 0.974476 0.819277 0.991879 0.820616 1.000000 0.819277 1.000000 0.780455 1.000000 0.749665 1.000000 0.710843 1.000000 0.672021 1.000000 0.649264 1.000000 0.611780 0.994556 0.586345
0 0.999911 0.467202 0.990540 0.480589 0.982508 0.488621 0.966444 0.508702 0.966444 0.516734 0.979830 0.530120 0.997233 0.530120
0 0.260955 0.978581 0.252923 0.970549 0.250245 0.958501 0.248907 0.957162 0.242213 0.954485 0.216778 0.943775 0.210085 0.950469 0.207407 0.961178 0.203391 0.967871 0.208746 0.977242 0.215440 0.975904 0.224810 0.978581 0.240875 0.983936 0.268987 0.978581
0 0.568853 0.995984 0.564837 0.989290 0.555466 0.977242 0.538063 0.971888 0.517983 0.971888 0.512628 0.991968 0.513967 1.000000 0.521999 1.000000 0.550112 0.995984
0 0.436323 0.615797 0.422936 0.614458 0.420259 0.607764 0.412227 0.602410 0.409549 0.602410 0.405533 0.591700 0.405533 0.590361 0.409549 0.585007 0.420259 0.579652 0.426952 0.576975 0.445694 0.578313 0.447033 0.607764
0 0.558144 0.512718 0.994556 0.220884 0.994556 0.220884 0.994556 0.220884 0.994556 0.220884 0.994556 0.220884 0.521999 0.575636
