0 0.617153 0.129562 0.650000 0.124088 0.675547 0.131387 0.677372 0.167883 0.620803 0.189781 0.611679 0.156934
0 0.810584 0.354015 0.839781 0.364964 0.885401 0.410584 0.907299 0.510949 0.754015 0.605839 0.704745 0.576642 0.717518 0.507299 0.670073 0.417883 0.733942 0.341241
0 0.945620 0.574817 0.982117 0.605839 1.000000 0.709854 0.894526 0.770073 0.848905 0.742701 0.817883 0.667883
0 0.996715 0.826642 0.969343 0.854015 0.916423 0.799270 0.920073 0.766423 0.996715 0.708029
0 0.785036 0.677007 0.697445 0.735402 0.715693 0.852190 0.863504 0.773723 0.832482 0.708029
0 0.768613 0.846715 0.770438 0.881387 0.801460 0.912409 0.878102 0.914234 0.958394 0.861314 0.910949 0.804744 0.916423 0.770073 0.856204 0.781022 0.774088 0.824817
0 0.566058 0.512774 0.659124 0.419708 0.717518 0.503650 0.702920 0.582117 0.626277 0.631387
0 0.513139 0.574817 0.547810 0.516423 0.569708 0.520073 0.615328 0.620438 0.569708 0.666058 0.531387 0.671533 0.498540 0.613139
0 0.412774 0.607664 0.487591 0.614963 0.502190 0.642336 0.489416 0.689781 0.462044 0.711679 0.441971 0.706204 0.405474 0.666058
0 0.347080 0.647810 0.374453 0.678832 0.394525 0.662409 0.412774 0.757299 0.390876 0.797445 0.361679 0.791971 0.319708 0.788321 0.295985 0.722628 0.310584 0.656934
0 0.118978 0.757299 0.064234 0.788321 0.077007 0.835766 0.115328 0.899635 0.150000 0.912409 0.217518 0.844890
0 0.002190 0.773723 0.056934 0.795620 0.091606 0.868613 0.118978 0.903285 0.155474 0.927007 0.171898 0.952555 0.155474 0.994526 0.000000 0.994526
0 0.806934 0.614963 0.788686 0.591241 0.755839 0.604015 0.712044 0.583942 0.633577 0.629562 0.642701 0.684307 0.677372 0.689781 0.712044 0.720803 0.814234 0.664234
0 1.000000 0.875912 0.962044 0.894161 0.974818 0.912409 0.974818 0.941606 0.996715 0.989051
