0 0.783784 0.000000 0.776062 0.059846 0.812741 0.071429 0.805019 0.177606 0.768340 0.258687 0.725869 0.256757 0.706564 0.303089 0.675676 0.337838 0.615830 0.328185 0.536680 0.289575 0.534749 0.249035 0.467181 0.243243 0.469112 0.208494 0.418919 0.154440 0.386100 0.154440 0.368726 0.096525 0.447876 0.001931
0 0.003861 0.242278 0.026062 0.242278 0.052124 0.304054 0.089768 0.310811 0.113900 0.346525 0.080116 0.382239 0.058880 0.384170 0.027027 0.425676 0.000000 0.430502
0 0.001931 0.439189 0.000000 0.472008 0.058880 0.507722 0.113900 0.506757 0.132239 0.439189 0.104247 0.381274 0.062741 0.388996 0.027027 0.430502
0 0.655405 0.785714 0.576255 0.807915 0.582046 0.837838 0.557915 0.866795 0.586873 0.902510 0.559846 0.948842 0.577220 0.959459 0.605212 0.944981 0.611969 0.921815 0.636100 0.920849 0.654440 0.946911 0.673745 0.917954 0.706564 0.921815 0.727799 0.893822 0.708494 0.814672
0 0.736486 0.893822 0.710425 0.925676 0.756757 0.959459 0.782819 0.938224 0.802124 0.902510
0 0.209459 0.874517 0.242278 0.877413 0.249035 0.917954 0.237452 0.938224 0.211390 0.938224 0.188224 0.910232
0 0.253861 0.838803 0.281853 0.866795 0.277027 0.905405 0.249035 0.907336 0.237452 0.843629
0 0.294402 0.873552 0.346525 0.803089 0.367761 0.833977 0.352317 0.877413 0.326255 0.921815
0 0.823221 0.099283 0.921125 0.002758 0.965251 0.059294 0.941809 0.103420 0.814948 0.165472
0 0.038610 0.909091 0.095355 0.910261 0.118170 0.881011 0.114075 0.840061 0.081315 0.816076 0.053820 0.814906 0.025740 0.831286 0.009360 0.858196 0.012870 0.885691
0 0.033345 0.917866 0.018720 0.937756 0.017550 0.957646 0.037440 0.968761 0.060840 0.980461 0.106470 0.976366 0.124605 0.954721 0.121680 0.932491 0.089505 0.914356
