0 0.552878 0.581325 0.524766 0.641566 0.568942 0.701807 0.524766 0.758032 0.625167 0.838353 0.701473 0.850402 0.789826 0.826305 0.872155 0.737952 0.920348 0.651606 0.866131 0.541165 0.793842 0.501004 0.681392 0.496988 0.603079 0.549197
0 0.978581 0.930723 0.926372 0.824297 0.850067 0.758032 0.749665 0.838353 0.759705 0.914659 0.773762 0.990964 0.928380 0.994980
0 0.886212 0.545181 0.952477 0.466867 1.000000 0.464859 0.994645 0.798193 0.938420 0.834337 0.858099 0.760040 0.910308 0.645582
0 0.725569 0.892570 0.617135 0.842369 0.532798 0.838353 0.460509 0.906627 0.428380 0.976908 0.452477 1.000000 0.737617 0.990964
0 0.179384 0.994980 0.225569 0.918675 0.311914 0.904618 0.376171 0.934739 0.400268 0.910643 0.436412 0.972892 0.432396 1.000000
0 0.123159 0.631526 0.066934 0.593373 0.000000 0.615462 0.000000 0.715863 0.087015 0.733936 0.121151 0.707831
0 0.163320 0.930723 0.159304 0.994980 0.000669 1.000000 0.000000 0.717871 0.117135 0.733936 0.141232 0.822289 0.107095 0.872490 0.121151 0.924699
0 0.936412 0.412651 0.948460 0.376506 0.982597 0.302209 1.000000 0.288153 0.998661 0.121486 0.894244 0.099398 0.823962 0.107430 0.817938 0.131526 0.757697 0.109438 0.717537 0.207831 0.721553 0.296185 0.733601 0.362450 0.729585 0.416667 0.787818 0.484940 0.910308 0.456827 0.938420 0.402610
0 0.715529 0.440763 0.619143 0.440763 0.560910 0.356426 0.548862 0.288153 0.587015 0.264056 0.669344 0.252008 0.717537 0.274096 0.733601 0.364458
0 0.697456 0.135542 0.653280 0.063253 0.597055 0.071285 0.554886 0.127510 0.520750 0.153614 0.578983 0.205823 0.585007 0.229920 0.605087 0.252008 0.641232 0.245984 0.701473 0.189759
0 0.478581 0.001004 0.685408 0.000000 0.669344 0.049197 0.657296 0.057229 0.568942 0.087349 0.512717 0.075301
0 0.811914 0.067269 0.753681 0.065261 0.723561 0.019076 0.671352 0.031124 0.677376 0.000000 0.944444 0.001004 0.930388 0.013052 0.868139 0.001004 0.860107 0.023092 0.817938 0.017068
0 0.898260 0.045181 0.888219 0.079317 0.972557 0.107430 0.990629 0.115462 1.000000 0.031124 0.998661 0.000000 0.950468 0.000000
0 0.161312 0.338353 0.089023 0.292169 0.006693 0.308233 0.000000 0.400602 0.000000 0.623494 0.062918 0.591365 0.113119 0.619478 0.175368 0.549197 0.157296 0.494980 0.173360 0.448795
0 0.195448 0.360442 0.235609 0.352410 0.247657 0.326305 0.231593 0.280120 0.187416 0.276104 0.155288 0.276104 0.175368 0.332329
0 0.265730 0.494980 0.227577 0.505020 0.169344 0.462851 0.177376 0.434739 0.173360 0.364458 0.223561 0.348394 0.283802 0.360442 0.277778 0.402610 0.263722 0.404618 0.295850 0.444779
