0 0.914558 0.410745 0.871231 0.421144 0.876430 0.462738 0.841768 0.492201 0.827903 0.533795 0.848700 0.597920 0.890295 0.599653 0.911092 0.580589 0.933622 0.597920 0.952686 0.587522 0.996014 0.547660 0.996014 0.403813
0 0.262912 0.804159 0.389428 0.738302 0.401560 0.767764 0.425823 0.766031 0.432756 0.738302 0.467418 0.760832 0.458752 0.774697 0.495147 0.804159 0.495147 0.873484 0.495147 0.873484 0.477816 0.890815 0.477816 0.909879 0.385962 0.996534 0.321837 0.975737 0.268111 0.934142 0.280243 0.909879
0 0.557539 0.740035 0.649393 0.608319 0.689255 0.622184 0.725650 0.653380 0.758579 0.646447 0.756846 0.691508 0.774177 0.727903 0.758579 0.734835 0.779376 0.746967 0.762045 0.771231 0.786309 0.809359 0.730849 0.850953 0.696187 0.854419 0.668458 0.864818 0.656326 0.857886 0.616464 0.842288
0 0.619931 0.863085 0.651127 0.866551 0.659792 0.885615 0.687522 0.885615 0.725650 0.896014 0.704853 0.974003 0.671924 0.993068 0.585269 0.996534 0.564471 0.927210
0 0.992548 0.620451 0.918024 0.618718 0.893761 0.663778 0.876430 0.688042 0.883362 0.741768 0.921490 0.748700 0.881629 0.798960 0.892028 0.824957 0.937088 0.847487 0.997747 0.844021
0 0.756846 0.984402 0.762045 0.894281 0.874697 0.856153 0.999480 0.861352 1.000000 1.000000
0 0.197054 0.136915 0.212652 0.178510 0.242114 0.207972 0.280243 0.166378 0.307972 0.216638 0.238648 0.285962 0.150260 0.317158 0.101733 0.275563 0.112132 0.237435
0 0.252513 0.097054 0.368631 0.027730 0.467418 0.062392 0.401560 0.168111 0.309705 0.216638
0 0.737782 0.076256 0.814038 0.019064 0.855633 0.041594 0.876430 0.083189 0.883362 0.124783 0.869497 0.176776 0.808839 0.169844 0.748180 0.150780 0.765511 0.103986
0 0.878163 0.045061 0.918024 0.008666 0.964818 0.005199 0.973484 0.036395 0.997747 0.062392 0.999480 0.119584 0.888562 0.166378
0 0.219584 0.015598 0.197054 0.039861 0.224783 0.074523 0.264645 0.045061 0.275043 0.020797
0 0.500347 0.039861 0.531542 0.029463 0.540208 0.069324 0.510745 0.100520 0.463951 0.069324
0 0.001213 0.051993 0.022010 0.074523 0.054939 0.083189 0.058406 0.128250 0.049740 0.145581 0.044541 0.180243 0.002946 0.183709
0 0.559272 0.103986 0.652860 0.060659 0.746447 0.098787 0.706586 0.192374 0.697920 0.232236 0.574870 0.228769 0.592201 0.150780
