0 0.088502 0.278366 0.093041 0.317700 0.100605 0.350983 0.064297 0.357035 0.043116 0.326778 0.043116 0.301059
0 0.006808 0.659607 0.037065 0.617247 0.000000 0.580938
0 0.073374 0.658094 0.099092 0.641452 0.102118 0.688351 0.094554 0.695915
0 0.118759 0.641452 0.149017 0.621785 0.168684 0.647504 0.162632 0.667171 0.149017 0.697428 0.108169 0.709531 0.114221 0.671710
0 0.185325 0.639939 0.218608 0.630862 0.233737 0.674735 0.235250 0.697428 0.206505 0.703480 0.198941 0.692890 0.168684 0.695915 0.173222 0.670197
0 0.248865 0.665658 0.262481 0.644478 0.276097 0.658094 0.289713 0.641452 0.309380 0.635401 0.339637 0.636914 0.356278 0.639939 0.378971 0.639939 0.401664 0.624811 0.431921 0.645991 0.430408 0.679274 0.410741 0.698941 0.377458 0.691377 0.350227 0.682300 0.316944 0.700454 0.324508 0.732224 0.313918 0.748865 0.295764 0.757942 0.273071 0.759455 0.248865 0.771558 0.215582 0.748865 0.203480 0.721634 0.241301 0.701967
0 0.230711 0.780635 0.273071 0.773071 0.301815 0.777610 0.319970 0.807867 0.329047 0.847201 0.335098 0.886536 0.298790 0.888048 0.267020 0.874433 0.251891 0.839637 0.230711 0.816944
0 0.270045 0.913767 0.304841 0.894100 0.338124 0.910741 0.366868 0.944024 0.353253 0.974281 0.342663 0.990923 0.292738 0.996974 0.262481 0.987897 0.256430 0.953101 0.254917 0.927383
0 0.434947 0.934947 0.418306 0.936460 0.412254 0.953101 0.406203 0.984871 0.419818 0.998487 0.483359 0.996974 0.478820 0.963691 0.440998 0.963691
0 0.687595 0.963691 0.726929 0.986384 0.745083 0.974281 0.767776 0.992436 0.840393 0.992436 0.798033 0.960666 0.831316 0.951589 0.866112 0.953101 0.858548 0.919818 0.817700 0.916793 0.854009 0.886536 0.847958 0.871407 0.823752 0.862330 0.808623 0.845688 0.782905 0.850227 0.769289 0.821483 0.758699 0.854765 0.729955 0.827534 0.684569 0.850227 0.663389 0.892587 0.660363 0.912254 0.669440 0.939486 0.639183 0.960666
0 0.773827 0.208775 0.749622 0.213313 0.722390 0.183056 0.696672 0.192133 0.663389 0.166415 0.684569 0.136157 0.695159 0.128593 0.657337 0.121029 0.699697 0.104387 0.726929 0.119516 0.740545 0.092284 0.781392 0.089259 0.820726 0.092284 0.814675 0.113464 0.814675 0.131619 0.840393 0.108926 0.866112 0.125567 0.863086 0.161876 0.922088 0.130106 0.935704 0.158850 0.913011 0.186082 0.887292 0.196672 0.866112 0.205749 0.854009 0.184569 0.825265 0.210287 0.807110 0.219365 0.817700 0.231467 0.798033 0.237519 0.776853 0.232980 0.767776 0.248109 0.732980 0.237519 0.729955 0.226929
0 0.599849 0.600605 0.611952 0.649017 0.633132 0.659607 0.630106 0.626324 0.661876 0.644478 0.655825 0.606657 0.702723 0.588502 0.657337 0.574887 0.642209 0.532526 0.587746 0.532526 0.593797 0.571861 0.619516 0.579425
