0 0.380062 0.001558 0.390966 0.066978 0.423676 0.060748 0.434579 0.093458 0.401869 0.119938 0.372274 0.210280 0.319315 0.224299 0.222741 0.213396 0.165109 0.204050 0.129283 0.197819 0.155763 0.127726 0.172897 0.073209 0.143302 0.048287 0.160436 0.000000
0 0.308411 0.271028 0.338006 0.297508 0.345794 0.311526 0.350467 0.331776 0.342679 0.352025 0.361371 0.367601 0.383178 0.375389 0.372274 0.398754 0.352025 0.419003 0.328660 0.436137 0.295950 0.425234 0.235203 0.409657 0.205607 0.378505 0.176012 0.350467 0.179128 0.316199 0.182243 0.278816 0.205607 0.269470 0.260125 0.286604
0 0.378505 0.529595 0.327103 0.453271 0.291277 0.453271 0.247664 0.450156 0.204050 0.453271 0.188474 0.498442 0.171340 0.523364 0.157321 0.556075 0.151090 0.601246 0.152648 0.647975 0.250779 0.686916 0.277259 0.660436 0.323988 0.641745 0.347352 0.610592 0.372274 0.590343
0 0.275701 0.971963 0.292835 0.929907 0.323988 0.884735 0.295950 0.855140 0.246106 0.842679 0.193146 0.834891 0.169782 0.833333 0.147975 0.876947 0.138629 0.906542 0.119938 0.925234 0.202492 0.973520 0.221184 1.000000 0.260125 0.992212
0 0.549844 0.147975 0.520249 0.132399 0.498442 0.107477 0.478193 0.138629 0.457944 0.163551 0.464174 0.211838 0.476636 0.236760 0.526480 0.236760 0.545171 0.211838 0.549844 0.183801
0 0.398754 0.995327 0.401869 0.965732 0.387850 0.928349 0.366044 0.925234 0.338006 0.931464 0.306854 0.964174 0.295950 0.985981 0.295950 0.995327
0 0.996885 0.728972 0.956386 0.750779 0.904984 0.767913 0.830218 0.716511 0.850467 0.669782 0.873832 0.607477 0.869159 0.576324 0.791277 0.587227 0.830218 0.498442 0.861371 0.475078 0.886293 0.403427 0.909657 0.372274 1.000000 0.414330 1.000000 0.415888
0 0.993769 0.127726 0.929907 0.147975 0.864486 0.133956 0.819315 0.082555 0.813084 0.037383 0.813084 0.007788 0.992212 0.003115
0 0.744548 0.003115 0.766355 0.024922 0.777259 0.052960 0.760125 0.091900 0.744548 0.119938 0.694704 0.132399 0.657321 0.098131 0.646417 0.051402 0.655763 0.026480 0.700935 0.001558
0 0.546729 0.260125 0.559190 0.286604 0.531153 0.323988 0.492212 0.323988 0.471963 0.303738 0.456386 0.269470 0.471963 0.249221 0.515576 0.244548
0 0.884735 0.188474 0.936137 0.228972 0.945483 0.266355 0.908100 0.300623 0.867601 0.300623 0.836449 0.277259 0.834891 0.239875 0.839564 0.208723
0 0.722741 0.157321 0.672897 0.165109 0.671340 0.193146 0.679128 0.236760 0.722741 0.253894 0.750779 0.228972 0.760125 0.193146
0 0.372274 0.674455 0.330218 0.685358 0.328660 0.721184 0.350467 0.755452 0.380062 0.736760
