0 0.002946 0.001733 0.171057 0.000000 0.216118 0.046794 0.203986 0.072790 0.229983 0.100520 0.209185 0.157712 0.093068 0.246101 0.006412 0.207972
0 0.030676 0.493934 0.093068 0.471404 0.115598 0.530329 0.160659 0.545927 0.164125 0.578856 0.191854 0.589255 0.176257 0.611785 0.143328 0.672444 0.141594 0.701906 0.120797 0.700173 0.049740 0.694974 0.004679 0.670711 0.004679 0.670711 0.002946 0.506066
0 0.431023 0.005199 0.455286 0.065858 0.432756 0.084922 0.443154 0.117851 0.432756 0.154246 0.444887 0.199307 0.510745 0.202773 0.528076 0.188908 0.509012 0.164645 0.545407 0.140381 0.515945 0.109185 0.519411 0.050260 0.531542 0.001733 0.474350 0.005199
0 0.668458 0.357019 0.710052 0.379549 0.716984 0.417678 0.661525 0.481802 0.587002 0.504333 0.580069 0.481802 0.484749 0.428076 0.498614 0.384749 0.564471 0.348354 0.588735 0.337955 0.626863 0.336222 0.647660 0.324090
0 0.678856 0.086655 0.701386 0.090121 0.730849 0.100520 0.742981 0.129983 0.696187 0.157712 0.675390 0.152513
0 0.834835 0.239168 0.867764 0.244367 0.866031 0.282496 0.840035 0.287695 0.814038 0.263432
0 0.862565 0.436742 0.885095 0.448873 0.897227 0.474870 0.871231 0.488735 0.853899 0.476603
0 0.938822 0.838821 0.956152 0.814558 0.985615 0.833622 0.992548 0.857886 0.966551 0.875217
0 0.935355 0.887348 0.997747 0.901213 1.000000 0.951473 0.926690 0.949740 0.895494 0.928943
0 0.281976 0.185442 0.328770 0.185442 0.354766 0.204506 0.351300 0.240901 0.311439 0.277296 0.278510 0.263432
0 0.713518 0.178510 0.703120 0.207972 0.675390 0.213172 0.664991 0.183709
0 0.632062 0.223570 0.671924 0.233969 0.661525 0.256499 0.652860 0.275563 0.633796 0.261698
0 0.730849 0.214905 0.737782 0.244367 0.713518 0.265165 0.694454 0.247834 0.677123 0.220104
0 0.994281 0.658579 0.971750 0.689775 0.976950 0.726170 0.999480 0.746967
