0 0.356698 0.366044 0.327103 0.352025 0.299065 0.375389 0.294393 0.392523 0.311526 0.409657 0.342679 0.420561 0.364486 0.403427 0.381620 0.390966
0 0.923676 0.313084 0.947040 0.322430 0.970405 0.316199 0.992212 0.303738 0.987539 0.277259 0.970405 0.260125 0.945483 0.271028 0.925234 0.288162
0 0.654206 0.563863 0.676012 0.552960 0.688474 0.528037 0.690031 0.514019 0.668224 0.503115 0.643302 0.492212 0.623053 0.504673 0.623053 0.521807 0.627726 0.548287
0 0.003115 0.721184 0.026480 0.739875 0.035826 0.769470 0.034268 0.795950 0.021807 0.809969 0.010903 0.817757
0 0.825545 0.848910 0.777259 0.842679 0.774143 0.884735 0.794393 0.909657 0.859813 0.914330 0.841121 0.836449
0 0.757009 0.693146 0.725857 0.672897 0.680685 0.693146 0.700935 0.735202 0.752336 0.766355 0.764798 0.753894 0.767913 0.697819
0 0.640187 0.766355 0.591900 0.742991 0.563863 0.764798 0.543614 0.795950 0.570093 0.830218 0.607477 0.859813 0.647975 0.870717 0.679128 0.861371 0.665109 0.820872 0.646417 0.778816
0 0.509346 0.825545 0.481308 0.814642 0.451713 0.850467 0.429907 0.858255 0.400312 0.876947 0.392523 0.914330 0.412773 0.957944 0.436137 0.968847 0.476636 0.961059 0.503115 0.982866 0.563863 0.954829 0.568536 0.957944 0.593458 0.915888 0.540498 0.890966 0.562305 0.852025 0.538941 0.825545 0.509346 0.834891
0 0.962617 0.998442 0.951713 0.971963 0.908100 0.964174 0.903427 0.943925 0.878505 0.959502 0.862928 0.979751 0.867601 0.998442
0 0.350467 0.780374 0.278816 0.728972 0.263240 0.757009 0.258567 0.786604 0.280374 0.809969 0.313084 0.816199
0 0.375389 0.967290 0.397196 0.981308 0.414330 0.995327 0.384735 0.996885 0.331776 1.000000 0.331776 0.981308 0.352025 0.971963
0 0.996885 0.920561 0.971963 0.881620 0.942368 0.898754 0.881620 0.906542 0.900312 0.929907 0.950156 0.948598 0.970405 0.989097 0.976636 1.000000 0.992212 0.998442
