0 0.993192 0.891074 0.973525 0.856278 0.975038 0.913767 0.953858 0.927383 0.956883 0.945537 0.926626 0.956127 0.923601 0.984871 0.952345 0.993949 0.999244 0.995461
0 0.908472 0.990923 0.894856 0.945537 0.900908 0.924357 0.891831 0.888048 0.870651 0.874433 0.866112 0.815431 0.819213 0.832073 0.826778 0.878971 0.808623 0.894100 0.776853 0.877458 0.775340 0.848714 0.779879 0.810893 0.736006 0.818457 0.736006 0.865356 0.749622 0.892587 0.716339 0.904690 0.743570 0.921331 0.737519 0.950076 0.723903 0.975794 0.752648 0.996974
0 0.708775 0.993949 0.713313 0.951589 0.710287 0.903177 0.711800 0.859304 0.687595 0.854765 0.702723 0.815431 0.667927 0.835098 0.663389 0.797277 0.657337 0.841150 0.614977 0.841150 0.633132 0.866868 0.608926 0.880484 0.610439 0.897126 0.592284 0.880484 0.575643 0.915280 0.555976 0.921331 0.534796 0.942511 0.545386 0.953101 0.510590 0.971256 0.509077 0.987897 0.530257 0.996974
0 0.489410 0.990923 0.504539 0.957640 0.534796 0.918306 0.501513 0.888048 0.498487 0.860817 0.469743 0.857791 0.430408 0.885023 0.410741 0.841150 0.341150 0.848714 0.301815 0.863843 0.307867 0.928896 0.350227 0.945537 0.375946 0.947050 0.383510 0.962179 0.359304 0.965204 0.336611 0.996974
0 0.303328 1.000000 0.300303 0.957640 0.300303 0.919818 0.297277 0.885023 0.247352 0.883510 0.232224 0.907716 0.201967 0.907716 0.186838 0.937973 0.197428 0.959153 0.186838 0.978820 0.168684 0.996974
0 0.155068 0.992436 0.188351 0.956127 0.173222 0.918306 0.155068 0.878971 0.132375 0.844175 0.085477 0.812405 0.035552 0.847201 0.006808 0.850227 0.002269 0.995461
0 0.006808 0.729198 0.038578 0.706505 0.055219 0.682300 0.073374 0.635401 0.046142 0.609682 0.003782 0.609682
0 0.005295 0.586989 0.049168 0.602118 0.067322 0.564296 0.126324 0.546142 0.126324 0.509834 0.153555 0.526475 0.155068 0.537065 0.167171 0.527988 0.185325 0.514372 0.194402 0.529501 0.194402 0.496218 0.188351 0.472012 0.212557 0.462935 0.186838 0.435703 0.214070 0.429652 0.223147 0.403933 0.218608 0.372163 0.189864 0.346445 0.158094 0.313162 0.150529 0.281392 0.127837 0.263238 0.102118 0.261725 0.088502 0.278366 0.080938 0.304085 0.067322 0.310136 0.049168 0.257186 0.055219 0.228442 0.058245 0.186082 0.035552 0.155825 0.000000 0.178517
0 0.062784 0.163389 0.094554 0.134644 0.141452 0.139183 0.186838 0.127080 0.230711 0.093797 0.267020 0.084720 0.282148 0.146747 0.310893 0.155825 0.319970 0.199697 0.318457 0.228442 0.326021 0.255673 0.356278 0.293495 0.371407 0.319213 0.378971 0.334342 0.350227 0.355522 0.375946 0.360061 0.354766 0.388805 0.327534 0.406959 0.307867 0.406959 0.268533 0.413011 0.245840 0.390318 0.230711 0.387292 0.212557 0.352496 0.170197 0.314675 0.152042 0.270802 0.115734 0.257186 0.091528 0.258699 0.073374 0.222390
0 0.386536 0.316188 0.406203 0.302572 0.419818 0.317700 0.450076 0.285930 0.465204 0.296520 0.460666 0.255673 0.496974 0.263238 0.495461 0.217852 0.545386 0.263238 0.560514 0.255673 0.537821 0.170953 0.487897 0.130106 0.457640 0.113464 0.456127 0.066566 0.437973 0.043873 0.388048 0.054463 0.350227 0.046899 0.310893 0.065053 0.279123 0.077156 0.282148 0.131619 0.316944 0.152799 0.327534 0.213313 0.332073 0.246596
0 0.575643 0.006051 0.605900 0.101362 0.619516 0.127080 0.658850 0.164902 0.695159 0.160363 0.722390 0.184569 0.752648 0.172466 0.795008 0.136157 0.854009 0.125567 0.861573 0.089259 0.873676 0.043873 0.875189 0.003026
0 0.888805 0.004539 0.882753 0.057489 0.894856 0.081694 0.909985 0.081694 0.929652 0.069592 0.959909 0.062027 0.976551 0.063540 0.997731 0.051437 0.999244 0.001513
0 0.767776 0.797277 0.799546 0.751891 0.846445 0.759455 0.900908 0.795764 0.913011 0.822995 0.902421 0.851740 0.884266 0.871407 0.876702 0.810893 0.822239 0.826021 0.816188 0.869894 0.790469 0.877458 0.785930 0.807867
0 0.890318 0.754917 0.869138 0.683812 0.838880 0.618759 0.793495 0.580938 0.752648 0.594554 0.781392 0.695915 0.857035 0.748865
0 0.044629 0.800303 0.086989 0.800303 0.086989 0.767020 0.082451 0.738275 0.031014 0.750378
0 0.549924 0.152799 0.574130 0.140696 0.575643 0.149773 0.598336 0.140696 0.599849 0.108926 0.592284 0.083207 0.577156 0.039334 0.555976 0.000000 0.481846 0.000000 0.422844 0.001513 0.428896 0.028744 0.457640 0.059002 0.474281 0.087746 0.468230 0.108926 0.539334 0.160363
