0 0.967662 0.502488 1.000000 0.458955 0.998756 0.736318 0.926617 0.662935 0.945274 0.611940 0.947761 0.546020
0 0.924129 0.685323 0.861940 0.701493 0.815920 0.723881 0.832090 0.781095 0.850746 0.842040 0.905473 0.851990 0.982587 0.812189 1.000000 0.787313 0.981343 0.736318
0 0.761194 0.769901 0.788557 0.793532 0.815920 0.781095 0.813433 0.727612 0.784826 0.716418
0 0.863184 0.863184 0.823383 0.912935 0.818408 0.944030 0.825871 0.973881 0.891791 1.000000 0.934080 1.000000 0.934080 0.965174 0.924129 0.934080 0.991293 0.878109 1.000000 0.830846 0.970149 0.828358 0.870647 0.860697
0 0.771144 0.374378 0.853234 0.361940 0.910448 0.384328 0.963930 0.384328 0.991293 0.398010 0.995025 0.304726 0.982587 0.286070 1.000000 0.181592 0.930348 0.187811 0.880597 0.174129 0.807214 0.176617 0.756219 0.212687 0.783582 0.264925 0.762438 0.291045 0.750000 0.324627
0 0.394279 0.937811 0.431592 0.902985 0.463930 0.927861 0.504975 0.888060 0.509950 0.868159 0.528607 0.880597 0.582090 0.835821 0.587065 0.819652 0.560945 0.783582 0.526119 0.754975 0.536070 0.725124 0.538557 0.691542 0.517413 0.685323 0.481343 0.699005 0.458955 0.680348 0.440298 0.684080 0.412935 0.690298 0.409204 0.670398 0.407960 0.643035 0.378109 0.646766 0.368159 0.677861 0.355721 0.707711 0.349503 0.750000 0.359453 0.766169 0.339552 0.793532 0.349503 0.828358 0.345771 0.859453 0.365672 0.885572 0.396766 0.880597 0.388060 0.936567
0 0.069652 0.002488 0.087065 0.027363 0.072139 0.054726 0.077114 0.092040 0.064677 0.110697 0.024876 0.128109 0.003731 0.144279 0.000000 0.002488
0 0.014925 0.256219 0.052239 0.258706 0.067164 0.227612 0.104478 0.230099 0.138060 0.201493 0.155473 0.166667 0.129353 0.130597 0.097015 0.109453 0.060945 0.123134 0.018657 0.141791 0.000000 0.180348 0.000000 0.230099
0 0.441542 0.008706 0.429105 0.062189 0.451493 0.110697 0.491294 0.126866 0.527363 0.133085 0.574627 0.114428 0.608209 0.048507 0.597015 0.002488 0.521144 0.000000
0 0.279851 0.003731 0.271144 0.039801 0.299751 0.084577 0.339552 0.082090 0.371891 0.053483 0.379353 0.031095 0.348259 0.002488
0 0.419154 0.113184 0.391791 0.145522 0.381841 0.186567 0.404229 0.227612 0.447761 0.241294 0.490050 0.216418 0.504975 0.181592 0.491294 0.139303 0.453980 0.114428
0 0.230099 0.090796 0.206468 0.123134 0.189055 0.156716 0.213930 0.189055 0.254975 0.182836 0.262438 0.144279 0.250000 0.111940
0 0.271144 0.212687 0.307214 0.220149 0.323383 0.240050 0.322139 0.268657 0.348259 0.292289 0.360696 0.320895 0.383085 0.304726 0.405473 0.313433 0.416667 0.353234 0.430348 0.390547 0.420398 0.427861 0.395522 0.452736 0.354478 0.472637 0.296020 0.477612 0.243781 0.493781 0.194030 0.501244 0.138060 0.476368 0.100746 0.471393 0.060945 0.421642 0.047264 0.391791 0.103234 0.356965 0.116915 0.319652 0.115672 0.297264 0.162935 0.267413 0.164179 0.241294 0.162935 0.208955 0.189055 0.212687 0.217662 0.227612 0.238806 0.212687
0 0.189055 0.521144 0.165423 0.534826 0.146766 0.559702 0.140547 0.616915 0.121891 0.635572 0.115672 0.654229 0.165423 0.684080 0.195274 0.708955 0.190299 0.738806 0.228856 0.758707 0.262438 0.769901 0.305970 0.773632 0.300995 0.743781 0.309702 0.727612 0.340796 0.716418 0.355721 0.685323 0.374378 0.655473 0.374378 0.619403 0.384328 0.610697 0.398010 0.595771 0.406716 0.582090 0.402985 0.529851 0.370647 0.507463 0.363184 0.486318 0.353234 0.472637 0.298507 0.478856 0.257463 0.493781 0.213930 0.509950
0 0.048507 0.572139 0.098259 0.555970 0.134328 0.555970 0.149254 0.521144 0.159204 0.497512 0.114428 0.475124 0.080846 0.444030 0.050995 0.404229 0.039801 0.440298 0.024876 0.483831 0.043532 0.536070 0.029851 0.558458
0 0.283582 0.885572 0.246269 0.863184 0.205224 0.875622 0.191542 0.917910 0.166667 0.965174 0.175373 0.993781 0.233831 1.000000 0.309702 1.000000 0.304726 0.945274 0.288557 0.909204
0 0.017413 0.736318 0.047264 0.715174 0.072139 0.708955 0.055970 0.664179 0.057214 0.616915 0.033582 0.580846 0.014925 0.550995 0.000000 0.541045 0.000000 0.759950
