0 0.196211 0.008289 0.153582 0.024867 0.134636 0.076969 0.153582 0.132623 0.200947 0.150385 0.234103 0.139728 0.250681 0.107756 0.257786 0.042629 0.243576 0.010657
0 0.007934 0.638958 0.039905 0.624748 0.064772 0.659088 0.108585 0.731320 0.097928 0.768028 0.039905 0.785790 0.003197 0.791711
0 0.146477 0.726584 0.106217 0.746714 0.058851 0.804736 0.121610 0.850918 0.179633 0.843813 0.215157 0.807105 0.208052 0.778686
0 0.404618 0.169331 0.282652 0.255773 0.341859 0.335110 0.401066 0.349319 0.448431 0.324452 0.450799 0.274719 0.460272 0.239195 0.418828 0.214328 0.406986 0.175252
0 0.636708 0.505151 0.556187 0.490941 0.504085 0.540675 0.494612 0.614091 0.537241 0.657904 0.627235 0.650799 0.658023 0.617644 0.652102 0.557253
0 0.998342 0.489757 0.902427 0.474364 0.795856 0.564358 0.769805 0.604618 0.765068 0.696980 0.849142 0.720663 0.999526 0.718295
0 0.994790 0.998934 0.810065 0.998934 0.791119 0.916045 0.804144 0.828419 0.739017 0.796448 0.781646 0.727768 0.999526 0.724216
0 0.625340 0.156306 0.569686 0.172883 0.559029 0.220249 0.569686 0.249852 0.602842 0.252220 0.649023 0.235642 0.664417 0.206039
0 0.808881 0.046181 0.762700 0.061575 0.746122 0.082889 0.750859 0.113677 0.769805 0.136175 0.815986 0.129070 0.844405 0.088810
0 0.904796 0.001184 0.915453 0.031972 0.953345 0.031972 0.984133 0.003552
