0 0.006226 0.000000 0.111284 0.000000 0.113230 0.015564 0.144358 0.023346 0.136576 0.042802 0.150195 0.048638 0.130739 0.054475 0.113230 0.052529 0.109339 0.077821 0.072374 0.068093 0.041245 0.071984 0.045136 0.087549 0.029572 0.105058 0.017899 0.093385 0.000000 0.114786
0 0.177432 0.064202 0.200778 0.064202 0.224125 0.093385 0.247471 0.112840 0.282490 0.120623 0.301946 0.140078 0.300000 0.167315 0.274708 0.169261 0.268872 0.227626 0.235798 0.215953 0.210506 0.219844 0.126848 0.206226 0.115175 0.155642 0.119066 0.110895 0.134630 0.081712
0 0.004280 0.404669 0.093774 0.379377 0.138521 0.408560 0.159922 0.435798 0.189105 0.455253 0.194942 0.482490 0.191051 0.457198 0.231907 0.435798 0.247471 0.472763 0.243580 0.560311 0.239689 0.587549 0.253307 0.603113 0.224125 0.612840 0.198833 0.638132 0.165759 0.634241 0.171595 0.667315 0.161868 0.673152 0.142412 0.663424 0.132685 0.680934 0.089883 0.677043 0.060700 0.651751 0.035409 0.669261 0.029572 0.647860 0.000000 0.659533
0 0.249416 0.435798 0.276654 0.422179 0.356420 0.441634 0.368093 0.468872 0.375876 0.513619 0.375876 0.577821 0.352529 0.618677 0.286381 0.616732 0.257198 0.603113 0.243580 0.581712
0 0.035409 0.704280 0.019844 0.737354 0.000389 0.749027 0.002335 0.793774 0.010117 0.819066 0.084047 0.809339 0.097665 0.749027 0.087938 0.721790
0 0.084047 0.828794 0.115175 0.826848 0.134630 0.838521 0.169650 0.838521 0.210506 0.803502 0.210506 0.770428 0.189105 0.721790 0.150195 0.721790 0.113230 0.747082 0.101556 0.760700
0 0.191051 0.704280 0.228016 0.638132 0.268872 0.645914 0.272763 0.731517 0.272763 0.776265 0.251362 0.805447 0.218288 0.799611
0 0.229961 0.822957 0.226070 0.879377 0.264981 0.920233 0.317510 0.918288 0.325292 0.933852 0.370039 0.926070 0.371984 0.902724 0.397276 0.900778 0.424514 0.859922 0.469261 0.865759 0.459533 0.844358 0.484825 0.834630 0.494553 0.821012 0.445914 0.760700 0.408949 0.714008 0.381712 0.694553 0.416732 0.642023 0.368093 0.601167 0.317510 0.640078 0.276654 0.700389 0.278599 0.776265
0 0.642412 0.791829 0.568483 0.789883 0.591829 0.836576 0.560700 0.875486 0.568483 0.935798 0.605448 0.949416 0.640467 0.904669 0.692996 0.924125 0.712451 0.877432 0.671595 0.840467
0 0.383658 0.447471 0.512062 0.418288 0.634630 0.472763 0.724124 0.535019 0.728016 0.612840 0.772763 0.649805 0.747471 0.725681 0.679377 0.780156 0.547082 0.770428 0.504280 0.754864 0.465370 0.762646 0.393385 0.690661 0.426459 0.638132 0.387549 0.595331 0.383658 0.437743
0 0.862257 0.607004 0.910895 0.638132 0.901167 0.682879 0.875875 0.715953 0.840856 0.710117 0.819455 0.661479 0.821401 0.634241
0 0.805837 0.050584 0.881712 0.073930 0.907004 0.107004 0.881712 0.153697 0.803891 0.200389 0.741634 0.169261 0.710506 0.157588 0.716342 0.091440 0.749416 0.064202
