0 0.376082 0.119143 0.374743 0.108434 0.374743 0.101740 0.376082 0.095047 0.370727 0.087015 0.364034 0.077644 0.357340 0.062918 0.343954 0.046854 0.322535 0.036145 0.305132 0.033467 0.283713 0.034806 0.278358 0.036145 0.262294 0.038822 0.242213 0.038822 0.220794 0.050870 0.219456 0.050870 0.200714 0.068273 0.195359 0.074967 0.177956 0.116466 0.200714 0.120482 0.212762 0.144578 0.204730 0.155288 0.195359 0.155288 0.191343 0.148594 0.176618 0.152610 0.165908 0.149933 0.157876 0.182062 0.160553 0.183400 0.179295 0.188755 0.194021 0.202142 0.199375 0.206158 0.210085 0.216867 0.200714 0.235609 0.194021 0.251673 0.194021 0.251673 0.188666 0.283802 0.206069 0.289157 0.234181 0.289157 0.255600 0.267738 0.283713 0.230254 0.267648 0.275770 0.295761 0.297189 0.306470 0.275770 0.327889 0.281125 0.339938 0.271754 0.357340 0.267738 0.370727 0.278447 0.354663 0.298527 0.353324 0.323963 0.385453 0.269076 0.385453 0.248996 0.382776 0.222222 0.386792 0.204819 0.388130 0.184739 0.386792 0.180723 0.381437 0.170013 0.376082 0.161981 0.364034 0.147256 0.354663 0.135208 0.358679 0.125837
0 0.378760 0.318608 0.358679 0.334672 0.346631 0.352075 0.338599 0.366801 0.329228 0.401606 0.331905 0.421687 0.322535 0.409639 0.285051 0.397590 0.234181 0.425703 0.211423 0.449799 0.187327 0.511379 0.160553 0.547523 0.153860 0.576975 0.165908 0.597055 0.152521 0.625167 0.155199 0.634538 0.206069 0.650602 0.246229 0.661312 0.251584 0.674699 0.267648 0.673360 0.307809 0.684070 0.335921 0.693440 0.341276 0.686747 0.349308 0.701473 0.362695 0.693440 0.368050 0.700134 0.378760 0.713521 0.394824 0.725569 0.421598 0.726908 0.447033 0.724230 0.453726 0.706827 0.444355 0.690763 0.426952 0.670683 0.440339 0.662651 0.456403 0.653280 0.453726 0.627845 0.459081 0.613119 0.455065 0.582329 0.441678 0.570281 0.441678 0.563588 0.457742 0.562249 0.468452 0.516734 0.504596 0.496653 0.505935 0.475234 0.473806 0.455154 0.456403 0.469880 0.440339 0.476573 0.441678 0.448461 0.476484 0.447122 0.488532 0.421687 0.496564 0.370817 0.465774 0.374833 0.443017 0.389558 0.430968 0.394913 0.417581 0.389558 0.405533 0.366801 0.418920 0.360107
0 0.015975 0.463186 0.032039 0.461847 0.042749 0.452477 0.054797 0.452477 0.073539 0.455154 0.084248 0.457831 0.107006 0.464525 0.111022 0.468541 0.123070 0.491299 0.132441 0.496653 0.141812 0.511379 0.143150 0.515395 0.156537 0.524766 0.156537 0.524766 0.157876 0.531459 0.157876 0.535475 0.157876 0.544846 0.153860 0.558233 0.149844 0.572958 0.144489 0.575636 0.127086 0.595716 0.120393 0.601071 0.107006 0.618474 0.109683 0.638554 0.090942 0.643909 0.069523 0.657296 0.064168 0.672021 0.044087 0.666667 0.018652 0.655957 0.011959 0.642570 0.005266 0.617135 0.007943 0.593039 0.002588 0.546185
0 0.251584 0.755020 0.260955 0.736278 0.260955 0.736278 0.239536 0.724230 0.246229 0.705489 0.256939 0.678715 0.230165 0.678715 0.232843 0.662651 0.207407 0.650602 0.194021 0.650602 0.176618 0.645248 0.169924 0.639893 0.119054 0.623829 0.104328 0.627845 0.096296 0.635877 0.088264 0.653280 0.078893 0.673360 0.080232 0.690763 0.089603 0.734940 0.084248 0.757697 0.084248 0.757697 0.069523 0.769746 0.068184 0.817938 0.100312 0.801874 0.116377 0.812584 0.153860 0.829987 0.175279 0.824632 0.199375 0.809906 0.215440 0.803213 0.218117 0.783132 0.236859 0.781794 0.239536 0.767068
0 0.028023 0.888889 0.057474 0.894244 0.069523 0.899598 0.084248 0.915663 0.101651 0.911647 0.132441 0.931727 0.124409 0.951807 0.098974 0.962517 0.080232 0.963855 0.074877 0.973226 0.034717 0.973226 0.013298 0.977242 0.010620 0.957162 0.001249 0.961178 0.000000 0.926372 0.010620 0.894244
0 0.350647 0.973226 0.330567 0.997323 0.306470 0.981258 0.302454 0.961178 0.314502 0.942436 0.331905 0.938420 0.303793 0.910308 0.337260 0.886212 0.372066 0.895582 0.373405 0.887550 0.358679 0.883534 0.357340 0.880857 0.370727 0.866131 0.390808 0.851406 0.409549 0.854083 0.437662 0.852744 0.439000 0.831325 0.484516 0.829987 0.484516 0.862115 0.512628 0.882195 0.512628 0.899598 0.493887 0.919679 0.524677 0.934404 0.513967 0.955823 0.495225 0.959839 0.513967 0.970549 0.535386 0.983936 0.542079 0.997323 0.360018 1.000000
0 0.183311 0.998661 0.173940 0.982597 0.176618 0.962517 0.164569 0.950469 0.145828 0.954485 0.133780 0.954485 0.115038 0.955823 0.094958 0.965194 0.085587 0.974565 0.085587 0.995984 0.112361 1.000000 0.145828 1.000000
0 0.311825 0.803213 0.350647 0.808568 0.354663 0.805890 0.357340 0.796519 0.380098 0.807229 0.382776 0.793842 0.409549 0.785810 0.405533 0.772423 0.420259 0.772423 0.440339 0.769746 0.443017 0.760375 0.437662 0.757697 0.443017 0.738956 0.428291 0.729585 0.400179 0.729585 0.358679 0.716198 0.341276 0.724230 0.329228 0.734940 0.327889 0.722892 0.305132 0.733601 0.305132 0.753681 0.279697 0.768407 0.293083 0.792503
0 0.437662 0.819277 0.447033 0.801874 0.443017 0.784471 0.444355 0.768407 0.449710 0.755020 0.449710 0.751004 0.453726 0.738956 0.481838 0.732262 0.471129 0.714859 0.472468 0.708166 0.491209 0.694779 0.516644 0.682731 0.534047 0.692102 0.521999 0.713521 0.536725 0.702811 0.542079 0.706827 0.539402 0.721553 0.536725 0.738956 0.521999 0.753681 0.527354 0.769746 0.509951 0.772423 0.497903 0.776439 0.493887 0.787149 0.496564 0.791165 0.497903 0.795181 0.487193 0.799197 0.475145 0.803213 0.481838 0.803213 0.489871 0.800535 0.496564 0.807229 0.500580 0.813922 0.504596 0.825971 0.503258 0.842035 0.488532 0.840696 0.485855 0.825971 0.467113 0.825971 0.456403 0.825971 0.430968 0.817938
0 0.836591 0.751004 0.847300 0.734940 0.847300 0.729585 0.831236 0.698795 0.813833 0.694779 0.789737 0.709505 0.775011 0.718875 0.777689 0.741633 0.787059 0.757697 0.796430 0.772423 0.807140 0.772423 0.807140 0.767068 0.832575 0.761714
0 0.766979 0.764391 0.745560 0.763052 0.737528 0.759036 0.716109 0.740295 0.717448 0.726908 0.724141 0.710843 0.724141 0.704150 0.724141 0.698795 0.724141 0.685408 0.729496 0.678715 0.738867 0.672021 0.752253 0.666667 0.757608 0.666667 0.764302 0.666667 0.775011 0.672021 0.783043 0.673360 0.795092 0.682731 0.800446 0.689424 0.807140 0.696118 0.789737 0.700134 0.785721 0.704150 0.780366 0.706827 0.768318 0.709505 0.766979 0.710843 0.760286 0.722892 0.761624 0.729585 0.772334 0.741633 0.775011 0.752343 0.787059 0.772423
0 0.725480 0.657296 0.710754 0.637215 0.710754 0.637215 0.689335 0.634538 0.679964 0.647925 0.673271 0.649264 0.661223 0.666667 0.661223 0.682731 0.661223 0.710843 0.659884 0.726908 0.671932 0.737617 0.693351 0.730924 0.694690 0.722892 0.698706 0.717537 0.710754 0.725569 0.717448 0.690763
0 0.892816 0.598394 0.902187 0.580991 0.903525 0.575636 0.903525 0.567604 0.900848 0.559572 0.898170 0.539491 0.894154 0.528782 0.880768 0.496653 0.867381 0.483266 0.836591 0.465863 0.835252 0.465863 0.808478 0.461847 0.788398 0.476573 0.775011 0.499331 0.772334 0.506024 0.800446 0.546185 0.809817 0.568942 0.817849 0.593039 0.825881 0.609103 0.845962 0.614458 0.848639 0.586345 0.858010 0.586345 0.855332 0.593039 0.880768 0.613119
0 0.919589 0.633199 0.932976 0.630522 0.932976 0.630522 0.936992 0.625167 0.943686 0.611780 0.941009 0.589023 0.928960 0.578313 0.915573 0.576975 0.904864 0.585007 0.899509 0.598394 0.892816 0.607764 0.894154 0.626506 0.899509 0.623829 0.899509 0.626506 0.902187 0.629183 0.912896 0.629183
0 0.977153 0.493976 0.962427 0.502008 0.941009 0.512718 0.934315 0.502008 0.946363 0.473896 0.966444 0.477912 0.975814 0.479250
0 0.898170 0.448461 0.898170 0.432396 0.903525 0.410977 0.916912 0.429719 0.935654 0.443106 0.918251 0.455154
0 0.932976 0.468541 0.936992 0.451138 0.936992 0.435074 0.932976 0.427042 0.928960 0.427042 0.927622 0.423025 0.912896 0.414993 0.892816 0.397590 0.898170 0.388220 0.922267 0.380187 0.934315 0.360107 0.945025 0.344043 0.955734 0.382865 0.965105 0.340027 0.979830 0.349398 0.990540 0.344043 0.998572 0.326640 1.000000 0.461847 0.979830 0.479250 0.962427 0.465863
0 0.586256 0.428380 0.568853 0.416332 0.588934 0.405623 0.588934 0.390897 0.563498 0.380187 0.571531 0.369478 0.559482 0.354752 0.570192 0.330656 0.551450 0.323963 0.523338 0.325301 0.519322 0.336011 0.503258 0.348059 0.491209 0.368139 0.507274 0.369478 0.512628 0.377510 0.500580 0.402945 0.513967 0.419009 0.513967 0.419009 0.507274 0.432396 0.491209 0.423025 0.489871 0.443106 0.512628 0.444444 0.532709 0.435074 0.551450 0.432396 0.556805 0.421687
0 0.434984 0.216867 0.461758 0.202142 0.472468 0.182062 0.472468 0.157965 0.465774 0.139224 0.459081 0.131191 0.443017 0.129853 0.422936 0.141901 0.422936 0.176707 0.422936 0.191432
0 0.096296 0.898260 0.120393 0.883534 0.137796 0.864792 0.133780 0.859438 0.135118 0.838019 0.132441 0.821954 0.108345 0.807229 0.086925 0.809906 0.086925 0.809906 0.066845 0.816600 0.040071 0.817938 0.036055 0.843373 0.036055 0.859438 0.037394 0.876841 0.045426 0.890228 0.069523 0.894244
0 0.697367 0.104418 0.685319 0.093708 0.677287 0.093708 0.665239 0.081660 0.655868 0.068273 0.671932 0.054886 0.698706 0.042838 0.704061 0.058902 0.692012 0.064257 0.716109 0.064257 0.713432 0.087015 0.713432 0.087015 0.701383 0.089692
