0 0.633085 0.616915 0.579602 0.611940 0.508707 0.608209 0.456468 0.661692 0.456468 0.710199 0.444030 0.746269 0.440298 0.789801 0.450249 0.832090 0.497512 0.870647 0.513682 0.906716 0.568408 0.919154 0.610697 0.899254 0.651741 0.860697 0.689055 0.840796 0.710199 0.798507 0.699005 0.763682 0.721393 0.731343 0.723881 0.695274 0.712687 0.662935 0.682836 0.684080 0.674129 0.654229 0.649254 0.626866
0 0.001244 0.643035 0.064677 0.610697 0.105721 0.564677 0.114428 0.513682 0.073383 0.468905 0.007463 0.477612 0.000000 0.507463 0.000000 0.649254
0 0.543532 0.926617 0.490050 0.917910 0.475124 0.899254 0.402985 0.922886 0.375622 0.945274 0.369403 0.981343 0.380597 1.000000 0.421642 1.000000 0.585821 1.000000 0.589552 0.975124 0.563433 0.935323
0 0.967662 0.462687 0.942786 0.497512 0.927861 0.511194 0.931592 0.538557 0.907960 0.558458 0.874378 0.595771 0.891791 0.640547 0.916667 0.659204 0.951493 0.640547 0.965174 0.625622 0.991293 0.618159 1.000000 0.615672 1.000000 0.439055
0 0.996269 0.279851 0.965174 0.292289 0.944030 0.323383 0.944030 0.356965 0.957711 0.385572 0.991293 0.399254 1.000000 0.406716
0 0.067164 0.124378 0.090796 0.121891 0.115672 0.143035 0.146766 0.161692 0.159204 0.116915 0.192786 0.105721 0.225124 0.085821 0.213930 0.057214 0.182836 0.021144 0.145522 0.000000 0.053483 0.000000 0.027363 0.019900 0.011194 0.048507 0.017413 0.070896 0.041045 0.093284 0.060945 0.106965
0 0.278607 0.206468 0.323383 0.217662 0.345771 0.205224 0.339552 0.172886 0.358209 0.152985 0.359453 0.124378 0.351990 0.103234 0.325871 0.085821 0.296020 0.075871 0.272388 0.077114 0.248756 0.088308 0.232587 0.101990 0.236318 0.123134 0.227612 0.143035 0.247512 0.157960 0.261194 0.187811
0 0.905473 0.018657 0.893035 0.037313 0.895522 0.057214 0.929105 0.048507 0.941542 0.063433 0.960199 0.090796 0.991293 0.104478 0.998756 0.079602 1.000000 0.000000 0.917910 0.000000
0 0.248756 0.065920 0.309702 0.055970 0.363184 0.064677 0.422886 0.058458 0.427861 0.034826 0.399254 0.013682 0.388060 0.000000 0.240050 0.006219 0.169154 0.001244 0.194030 0.031095 0.212687 0.054726 0.242537 0.067164
0 0.998756 0.630597 0.944030 0.655473 0.945274 0.712687 0.968905 0.740050 1.000000 0.752488
