0 0.000000 0.313707 0.057915 0.312098 0.059524 0.324968 0.112613 0.316924 0.143179 0.241313 0.112613 0.233269 0.109395 0.193050 0.048263 0.168919 0.001609 0.167310
0 0.030566 0.000000 0.008044 0.028958 0.022523 0.069176 0.082046 0.080438 0.127091 0.027349 0.101351 0.000000
0 0.159266 0.004826 0.138353 0.049871 0.143179 0.072394 0.188224 0.091699 0.236486 0.064350 0.225225 0.001609
0 0.242921 0.003218 0.241313 0.054698 0.294402 0.069176 0.341055 0.037001 0.334620 0.000000
0 0.823681 0.260618 0.868726 0.242921 0.879987 0.194659 0.836551 0.170528 0.797941 0.176963 0.785071 0.209138 0.793115 0.238095
0 0.931467 0.001609 0.976512 0.051480 0.962033 0.148005 0.947555 0.170528 0.920206 0.168919 0.912162 0.144788 0.878378 0.141570 0.814028 0.109395 0.814028 0.077220 0.846203 0.074003 0.860682 0.043436 0.870335 0.000000
0 0.986165 0.144788 0.971686 0.180180 0.947555 0.183398 0.931467 0.239704 0.905727 0.241313 0.899292 0.275097 0.947555 0.320142 1.000000 0.324968 1.000000 0.138353
0 0.950772 0.357143 0.925032 0.410232 0.942728 0.432754 0.999035 0.427928 0.999035 0.345882
0 0.949163 0.466538 0.945946 0.498713 0.978121 0.530888 0.984556 0.558237 1.000000 0.571107 0.999035 0.442407
0 0.986165 0.600064 0.944337 0.645109 0.942728 0.698198 0.957207 0.730373 1.000000 0.746461 1.000000 0.593629
0 0.004826 0.596847 0.027349 0.619369 0.020914 0.667632 0.004826 0.690154
0 0.001609 0.741635 0.041828 0.733591 0.065959 0.764157 0.074003 0.796332 0.114221 0.778636 0.165701 0.785071 0.199485 0.839768 0.228443 0.873552 0.197876 0.921815 0.215573 0.952381 0.164093 0.968468 0.183398 1.000000 0.000000 1.000000
0 0.196268 0.793115 0.230051 0.831725 0.279923 0.820463 0.297619 0.796332 0.291184 0.780245 0.196268 0.780245
0 0.312098 0.785071 0.312098 0.801158 0.328185 0.822072 0.350708 0.810811 0.374839 0.804376 0.366795 0.777027
0 0.235018 0.995468 0.250126 0.972805 0.286218 0.973644 0.330703 0.945946 0.366795 0.969448 0.387779 0.957697 0.402887 0.973644 0.428907 0.990431 0.428907 0.999664
0 0.438140 0.999664 0.449052 0.955179 0.503609 0.935874 0.552291 0.958536 0.579990 0.964412 0.591741 1.000000
0 0.600974 0.998825 0.578311 0.948464 0.629511 0.898942 0.715125 0.891388 0.752056 0.917408 0.733591 1.000000
