0 0.995922 0.287113 0.987765 0.267537 0.987765 0.243067 0.966558 0.244698 0.951876 0.226754 0.927406 0.202284 0.902936 0.194127 0.894780 0.216966 0.878467 0.203915 0.853997 0.223491 0.845840 0.239804 0.829527 0.236542 0.798532 0.230016 0.795269 0.244698 0.806688 0.269168 0.793638 0.278956 0.769168 0.285481 0.765905 0.313214 0.751224 0.305057 0.736542 0.324633 0.725122 0.350734 0.747961 0.368679 0.757749 0.396411 0.777325 0.409462 0.801794 0.414356 0.819739 0.433931 0.834421 0.458401 0.852365 0.487765 0.871941 0.507341 0.894780 0.495922 0.911093 0.495922 0.950245 0.504078 0.973083 0.486134 1.000000 0.486134 1.000000 0.448613
0 0.544046 0.013051 0.527732 0.029364 0.535889 0.053834 0.544046 0.091354 0.529364 0.109299 0.529364 0.133768 0.539152 0.148450 0.527732 0.159869 0.516313 0.181077 0.500000 0.177814 0.480424 0.197390 0.459217 0.213703 0.438010 0.202284 0.420065 0.225122 0.393964 0.210440 0.392333 0.184339 0.379282 0.179445 0.345024 0.156607 0.309135 0.122349 0.325449 0.101142 0.341762 0.096248 0.362969 0.079935 0.349918 0.068515 0.338499 0.045677 0.336868 0.016313 0.351550 0.000000
0 0.191680 0.001631 0.180261 0.017945 0.167210 0.042414 0.146003 0.029364 0.136215 0.058728 0.134584 0.073409 0.113377 0.073409 0.126427 0.099511 0.119902 0.117455 0.088907 0.119086 0.062806 0.122349 0.053018 0.109299 0.041599 0.119086 0.012235 0.125612 0.004078 0.115824 0.013866 0.097879 0.033442 0.083197 0.030179 0.070147 0.017129 0.070147 0.005710 0.071778 0.004078 0.004894
0 0.235726 0.182708 0.191680 0.181077 0.167210 0.187602 0.134584 0.177814 0.121533 0.164763 0.097064 0.163132 0.072594 0.169657 0.072594 0.195759 0.033442 0.218597 0.022023 0.243067 0.043230 0.262643 0.072594 0.292007 0.101958 0.313214 0.110114 0.332790 0.141109 0.339315 0.159054 0.360522 0.175367 0.350734 0.196574 0.334421 0.204731 0.326264 0.232463 0.331158 0.263458 0.365416 0.278140 0.353997 0.286297 0.345840 0.302610 0.340946 0.320555 0.313214 0.312398 0.280587 0.330343 0.277325 0.323817 0.246330 0.307504 0.243067 0.304241 0.215334 0.323817 0.192496 0.291191 0.181077 0.283034 0.150082 0.242251 0.133768
0 0.216150 0.003263 0.199837 0.019576 0.201468 0.039152 0.191680 0.057096 0.168842 0.061990 0.168842 0.086460 0.159054 0.112561 0.170473 0.143556 0.198206 0.150082 0.209625 0.166395 0.222675 0.176183 0.230832 0.159869 0.225938 0.132137 0.250408 0.125612 0.271615 0.138662 0.292822 0.141925 0.292822 0.115824 0.299347 0.099511 0.302610 0.078303 0.307504 0.053834 0.302610 0.042414 0.307504 0.021207 0.302610 0.008157 0.309135 0.003263
0 0.281913 0.505710 0.259482 0.512847 0.251325 0.502651 0.222777 0.508768 0.211562 0.495514 0.201366 0.488377 0.181994 0.473083 0.187092 0.456770 0.199327 0.441476 0.211562 0.425163 0.225836 0.422104 0.223797 0.398654 0.239091 0.405791 0.242149 0.394576 0.260502 0.398654 0.271717 0.386419 0.275795 0.367047 0.298226 0.358891 0.310461 0.381321 0.331872 0.392537 0.345126 0.409869 0.332892 0.427202 0.330852 0.441476 0.328813 0.455750 0.354303 0.456770 0.367557 0.460848 0.359400 0.481240 0.339009 0.497553 0.330852 0.518964 0.308422 0.529160
0 0.039035 0.710790 0.048357 0.692146 0.041366 0.675833 0.063505 0.663016 0.082149 0.646702 0.089140 0.667677 0.118271 0.680494 0.127593 0.683990 0.132254 0.699138 0.150897 0.700303 0.149732 0.711955 0.164880 0.718947 0.167210 0.742251 0.157889 0.751573 0.166045 0.764391 0.177698 0.758564 0.189350 0.766721 0.189350 0.784199 0.180028 0.793521 0.190515 0.798182 0.219646 0.798182 0.228968 0.824983 0.216150 0.843626 0.197506 0.851783 0.176532 0.852948 0.170706 0.853531 0.170706 0.854696 0.164880 0.851200 0.162550 0.847704 0.163715 0.839548 0.160219 0.831391 0.143906 0.834887 0.107784 0.833722 0.093801 0.844209 0.064670 0.846539 0.044861 0.827896 0.046027 0.813913 0.033209 0.803426 0.022722 0.795269 0.012235 0.795269 0.001748 0.806921 0.000583 0.690399 0.012235 0.678746
0 0.998602 0.872757 0.988503 0.875087 0.984619 0.882079 0.979181 0.882856 0.975297 0.880525 0.969083 0.889070 0.959761 0.882856 0.951216 0.885186 0.943448 0.884409 0.942671 0.896838 0.931795 0.901499 0.936456 0.911598 0.936456 0.923250 0.944224 0.927134 0.955877 0.922473 0.957430 0.931018 0.952769 0.934903 0.961314 0.946555 0.967529 0.956653 0.960538 0.964422 0.954323 0.972190 0.950439 0.976851 0.942671 0.976851 0.936456 0.989280 0.925581 0.991610 0.922473 0.993941 0.932572 1.000000 1.000000 0.997825
0 0.468691 0.876522 0.466181 0.865228 0.459907 0.842640 0.443594 0.855189 0.436065 0.845150 0.442339 0.830092 0.426026 0.825072 0.426026 0.810014 0.426026 0.797465 0.404693 0.801230 0.388380 0.804994 0.379596 0.789936 0.363283 0.798720 0.359518 0.821308 0.364538 0.833856 0.365792 0.847660 0.358263 0.848915 0.364538 0.866483 0.369557 0.871502 0.382106 0.886560 0.400929 0.904128 0.419752 0.911658 0.436065 0.901619 0.437320 0.894090
0 0.474965 0.467436 0.487514 0.463672 0.487514 0.448613 0.481240 0.436065 0.485004 0.424771 0.490024 0.412222 0.488769 0.399674 0.492534 0.382106 0.497553 0.370812 0.490024 0.362028 0.483750 0.353244 0.492534 0.335676 0.507592 0.338185 0.522650 0.316853 0.513866 0.314343 0.501318 0.306814 0.491279 0.295520 0.486259 0.319363 0.476220 0.320617 0.467436 0.306814 0.453633 0.308069 0.429790 0.303049 0.418497 0.296775 0.402183 0.318108 0.383361 0.319363 0.369557 0.313088 0.353244 0.324382 0.349479 0.344460 0.357008 0.359518 0.375831 0.363283 0.363283 0.380851 0.353244 0.378341 0.351989 0.398419 0.344460 0.418497 0.334421 0.446104 0.379596 0.453633 0.398419 0.473711 0.414732 0.481240 0.414732 0.468691 0.434810 0.463672 0.456143 0.473711 0.463672 0.454888
0 0.402183 0.995733 0.398419 0.975656 0.388380 0.961852 0.379596 0.949304 0.382106 0.926716 0.379596 0.909148 0.364538 0.909148 0.360773 0.885306 0.351989 0.887815 0.336931 0.889070 0.334421 0.907893 0.319363 0.887815 0.305559 0.870247 0.284226 0.871502 0.275442 0.890325 0.267913 0.905383 0.257874 0.911658 0.249090 0.931735 0.234032 0.920442 0.230267 0.931735 0.215209 0.943029 0.236542 0.951813 0.235287 0.963107 0.229012 0.970636 0.210189 0.973146 0.207680 0.986949 0.236542 0.996988 0.271678 0.999498
0 0.000816 0.973083 0.015498 0.968189 0.025285 0.984502 0.044861 0.981240 0.051387 0.966558 0.082382 0.960033 0.079119 0.945351 0.098695 0.925775 0.097064 0.898042 0.090538 0.867047 0.080750 0.858891 0.059543 0.852365 0.043230 0.844209 0.026917 0.850734 0.012235 0.862153 0.004078 0.865416
