0 0.649393 0.095321 0.730849 0.031196 0.755113 0.032929 0.767244 0.114385 0.654593 0.157712
0 0.583536 0.084922 0.642461 0.095321 0.647660 0.154246 0.616464 0.157712 0.564471 0.152513 0.545407 0.138648
0 0.867764 0.344887 0.933622 0.334489 0.938822 0.386482 0.938822 0.431542 0.900693 0.457539 0.855633 0.469671 0.834835 0.422877
0 0.314905 0.325823 0.346101 0.332756 0.356499 0.386482 0.311439 0.409012 0.287175 0.396880 0.287175 0.372617
0 0.321837 0.242634 0.359965 0.279029 0.332236 0.296360 0.294107 0.294627 0.297574 0.270364
0 0.335702 0.149047 0.363432 0.180243 0.340901 0.216638 0.325303 0.199307 0.318371 0.228769 0.294107 0.164645
0 0.314905 0.041594 0.339168 0.046794 0.349567 0.079723 0.318371 0.098787 0.306239 0.091854 0.290641 0.077990
0 0.100000 0.802426 0.131196 0.802426 0.127730 0.849220 0.100000 0.830156
0 0.966551 0.003466 0.935355 0.025997 0.956152 0.060659 0.994281 0.064125 0.994281 0.005199
0 0.921490 0.521664 0.949220 0.518198 0.947487 0.552860 0.933622 0.578856 0.897227 0.580589
