0 0.009259 0.792328 0.046296 0.792328 0.087302 0.825397 0.117725 0.874339 0.119048 0.902116 0.097884 0.914021 0.096561 0.940476 0.113757 0.958995 0.100529 0.997355 0.002646 0.997355 0.006614 0.805556 0.006614 0.805556
0 0.632275 0.810847 0.670635 0.794974 0.711640 0.810847 0.751323 0.768519 0.757937 0.701058 0.742063 0.584656 0.640212 0.567460 0.575397 0.624339 0.537037 0.714286 0.522487 0.736772 0.559524 0.789683
0 0.824074 0.859788 0.871693 0.855820 0.899471 0.817460 0.929894 0.787037 0.898148 0.727513 0.862434 0.714286 0.832011 0.732804 0.813492 0.720899 0.784392 0.771164 0.785714 0.826720 0.814815 0.857143
0 0.541005 0.660053 0.498677 0.636243 0.480159 0.589947 0.431217 0.574074 0.443122 0.514550 0.501323 0.472222 0.555556 0.433862 0.616402 0.420635 0.653439 0.444444 0.694444 0.497354 0.693122 0.530423 0.662698 0.551587 0.628307 0.570106 0.562169 0.625661 0.551587 0.645503
0 0.447090 0.486772 0.411376 0.465608 0.402116 0.388889 0.404762 0.314815 0.433862 0.273810 0.489418 0.267196 0.609788 0.246032 0.624339 0.301587 0.636243 0.367725 0.609788 0.391534 0.556878 0.435185 0.503968 0.460317 0.490741 0.468254 0.480159 0.478836 0.466931 0.482804
0 0.380952 0.296296 0.342593 0.260582 0.343915 0.170635 0.342593 0.117725 0.365079 0.078042 0.371693 0.050265 0.458995 0.037037 0.529101 0.070106 0.562169 0.154762 0.566138 0.250000 0.421958 0.279101 0.399471 0.313492
0 0.628307 0.247354 0.666667 0.214286 0.689153 0.198413 0.657407 0.170635 0.670635 0.121693 0.637566 0.105820 0.593915 0.115079 0.574074 0.145503 0.574074 0.239418 0.609788 0.242063
0 0.510582 0.880952 0.531746 0.878307 0.529101 0.850529 0.507936 0.849206 0.496032 0.865079
0 0.552910 0.936508 0.529101 0.953704 0.523809 0.974868 0.548942 0.996032 0.570106 0.986772 0.583333 0.962963 0.562169 0.939153
0 0.243386 0.337302 0.220899 0.322751 0.199735 0.320106 0.175926 0.309524 0.179894 0.271164 0.218254 0.268519 0.236772 0.250000 0.269841 0.269841 0.283069 0.304233 0.272487 0.328042
0 0.698413 0.477513 0.719577 0.452381 0.739418 0.440476 0.777778 0.420635 0.765873 0.380952 0.738095 0.358466 0.760582 0.328042 0.723545 0.306878 0.712963 0.317460 0.677249 0.288360 0.649471 0.272487 0.630952 0.294974 0.644180 0.384921 0.593915 0.414021 0.648148 0.423280
