0 0.799866 0.633534 0.739625 0.629518 0.693440 0.611446 0.681392 0.579317 0.647256 0.571285 0.625167 0.509036 0.651272 0.450803 0.673360 0.432731 0.719545 0.436747 0.753681 0.376506 0.805890 0.396586 0.825971 0.450803 0.842035 0.432731 0.870147 0.541165 0.823962 0.559237
0 0.687416 0.972892 0.633199 0.970884 0.621151 0.914659 0.665328 0.866466 0.723561 0.878514 0.773762 0.920683 0.749665 0.978916
0 0.295850 0.998996 0.303882 0.974900 0.297858 0.934739 0.331995 0.910643 0.380187 0.916667 0.388220 0.958835 0.460509 0.978916 0.476573 0.998996
0 0.691432 0.101406 0.661312 0.079317 0.663320 0.063253 0.681392 0.037149 0.703481 0.055221 0.703481 0.089357
0 0.344043 0.434739 0.265730 0.402610 0.239625 0.352410 0.245649 0.320281 0.263722 0.284137 0.311914 0.252008 0.336011 0.260040 0.362115 0.278112 0.404284 0.310241 0.388220 0.352410 0.384203 0.400602
0 0.358099 0.239960 0.336011 0.235944 0.319946 0.171687 0.336011 0.157631 0.307898 0.107430 0.311914 0.051205 0.321954 0.013052 0.356091 0.000000 0.480589 0.000000 0.524766 0.039157 0.504685 0.097390 0.500669 0.159639 0.462517 0.167671 0.466533 0.223896
0 0.054886 0.121486 0.004685 0.115462 0.006693 0.000000 0.099063 0.000000 0.107095 0.071285
0 0.219545 0.143574 0.147256 0.129518 0.119143 0.067269 0.103079 0.000000 0.348059 0.000000 0.336011 0.039157 0.305890 0.031124 0.301874 0.067269 0.319946 0.085341 0.309906 0.115462 0.271754 0.115462 0.243641 0.109438
0 0.225569 0.316265 0.175368 0.318273 0.095047 0.296185 0.038822 0.286145 0.016734 0.284137 0.000000 0.276104 0.000669 0.131526 0.078983 0.125502 0.107095 0.075301 0.147256 0.143574 0.233601 0.149598 0.269746 0.209839 0.277778 0.272088
0 0.107095 0.503012 0.000000 0.460843 0.000000 0.280120 0.195448 0.322289 0.187416 0.374498 0.211513 0.408635 0.193440 0.444779 0.121151 0.490964
0 0.050870 0.645582 0.002677 0.631526 0.002677 0.460843 0.125167 0.505020 0.149264 0.571285 0.131191 0.599398 0.103079 0.633534
0 0.004685 0.792169 0.054886 0.752008 0.044846 0.645582 0.000000 0.627510
0 0.131191 0.637550 0.245649 0.649598 0.295850 0.611446 0.295850 0.545181 0.267738 0.492972 0.243641 0.438755 0.195448 0.424699 0.119143 0.505020 0.151272 0.573293 0.113119 0.629518
0 0.267738 0.774096 0.203481 0.842369 0.193440 0.876506 0.149264 0.892570 0.058902 0.874498 0.012717 0.794177 0.056894 0.750000 0.046854 0.647590 0.109103 0.637550 0.197456 0.651606 0.235609 0.703815 0.267738 0.754016
0 0.940428 0.272088 1.000000 0.288153 1.000000 0.093373 0.934404 0.137550 0.902276 0.213855 0.914324 0.260040
