0 0.040652 0.372213 0.081818 0.329331 0.138422 0.313894 0.176158 0.341338 0.201887 0.389365 0.215609 0.433962 0.205317 0.487135 0.177873 0.507719 0.117839 0.521441 0.061235 0.502573 0.020069 0.471698 0.000000 0.437393 0.018353 0.391081
0 0.006346 0.248714 0.052659 0.245283 0.074957 0.210978 0.124700 0.159520 0.117839 0.132075 0.064665 0.066895 0.014923 0.012007 0.000000 0.017153 0.000000 0.145798
0 0.472899 0.382504 0.520926 0.348199 0.555232 0.367067 0.574099 0.387650 0.606690 0.420240 0.628988 0.440823 0.608405 0.468268 0.568954 0.451115 0.562093 0.468268 0.514065 0.471698 0.479760 0.464837 0.459177 0.421955
0 0.836535 0.281304 0.848542 0.226415 0.886278 0.198971 0.915437 0.210978 0.941166 0.243568 0.930875 0.281304 0.884563 0.298456
0 0.831389 0.301887 0.872556 0.307033 0.915437 0.300172 0.936021 0.313894 0.953173 0.348199 0.941166 0.391081 0.896569 0.409949 0.850257 0.396226 0.817667 0.370497 0.815952 0.307033 0.822813 0.301887
0 0.304803 0.602058 0.342539 0.638079 0.359691 0.704974 0.363122 0.742710 0.349400 0.789022 0.309949 0.821612 0.244768 0.807890 0.189880 0.775300 0.155575 0.735849 0.167581 0.662093 0.191595 0.626072 0.219039 0.598628 0.260206 0.588336 0.294511 0.600343
0 0.454031 0.339623 0.459177 0.313894 0.483190 0.320755 0.495197 0.298456 0.522641 0.301887 0.543225 0.324185 0.526072 0.339623 0.500343 0.358491 0.469468 0.367067 0.452316 0.348199
0 0.412864 0.998285 0.424871 0.943396 0.478045 0.907376 0.514065 0.907376 0.544940 0.931389 0.548370 0.957118 0.536364 0.993139 0.479760 1.000000
0 0.665009 0.993139 0.678731 0.945112 0.743911 0.912521 0.795369 0.897084 0.846827 0.910806 0.877702 0.931389 0.896569 0.965695 0.884563 0.993139
0 0.025214 0.289880 0.033791 0.348199 0.006346 0.379074 0.000000 0.372213 0.002916 0.277873
