0 0.254826 0.005792 0.229730 0.050193 0.291506 0.111969 0.364865 0.156371 0.440154 0.152510 0.486486 0.086873 0.459459 0.040541 0.434363 0.001931
0 0.992278 0.772201 0.868726 0.694981 0.816602 0.764479 0.833977 0.824324 0.776062 0.874517 0.793436 0.944015 0.772201 0.998070 0.882239 0.996139 0.899614 0.957529 0.938224 0.974904 0.945946 1.000000 1.000000 1.000000
0 0.953668 0.451737 0.928571 0.436293 0.930502 0.397683 0.974904 0.361004 0.996139 0.393822
0 0.413127 0.998070 0.463320 0.951737 0.500000 0.891892 0.567568 0.924710 0.594595 0.944015 0.550193 1.000000
0 0.603282 0.895270 0.570705 0.878378 0.558639 0.855454 0.569498 0.816844 0.596042 0.810811 0.614141 0.832529 0.620174 0.867519
0 0.646718 0.000000 0.616554 0.072394 0.661197 0.102558 0.670849 0.125483 0.698600 0.129102 0.715492 0.156853 0.797539 0.164093 0.837355 0.195463 0.871139 0.141168 0.910956 0.108591 0.942326 0.101351 0.950772 0.056708 0.931467 0.020512 0.920608 0.001207
0 0.687741 0.148407 0.679295 0.174952 0.691361 0.202703 0.710666 0.218388 0.736004 0.232867 0.755309 0.214768 0.770994 0.165299 0.714286 0.162886
0 0.638272 0.156853 0.627413 0.205116 0.643098 0.238900 0.621380 0.273890 0.615347 0.318533 0.635859 0.329392 0.656371 0.328185 0.704633 0.278716 0.740830 0.247346 0.691361 0.211149 0.667230 0.161680
0 0.109797 0.003620 0.120656 0.038610 0.158060 0.047056 0.173745 0.074807 0.197876 0.059122 0.194257 0.037403 0.215975 0.034990 0.230454 0.028958 0.235280 0.001207
0 0.289575 0.199083 0.328185 0.180985 0.300434 0.144788 0.250965 0.178571
0 0.343871 0.176158 0.308880 0.219595 0.342664 0.270270 0.398166 0.237693
0 0.384894 0.201496 0.412645 0.159266 0.468147 0.156853 0.510376 0.205116 0.483832 0.243726 0.407819 0.246139
0 0.207529 0.454875 0.278716 0.413851 0.240106 0.351110 0.180985 0.353523 0.135135 0.423504 0.149614 0.459701
0 0.253378 0.351110 0.254585 0.331805 0.314913 0.328185 0.364382 0.389720 0.304054 0.412645 0.287162 0.416264
0 0.211149 0.573118 0.294402 0.518822 0.306467 0.495898 0.281129 0.459701 0.206322 0.466940 0.182191 0.498311 0.166506 0.528475
0 0.310087 0.458494 0.331805 0.451255 0.351110 0.468147 0.336631 0.493485 0.316120 0.497104 0.302848 0.480212
0 0.427124 0.445222 0.470560 0.456081 0.495898 0.418678 0.550193 0.398166 0.590010 0.366795 0.581564 0.305261 0.532095 0.269064 0.451255 0.261824 0.419884 0.288369 0.387307 0.352317 0.376448 0.419884
0 0.325772 0.436776 0.335425 0.406612 0.366795 0.405405 0.387307 0.436776 0.388514 0.458494 0.357143 0.468147
0 0.352317 0.288369 0.371622 0.328185 0.401786 0.318533 0.417471 0.282336 0.382481 0.261824
0 0.150820 0.337838 0.183398 0.312500 0.173745 0.289575 0.154440 0.278716 0.120656 0.298021 0.119450 0.325772 0.144788 0.337838
