0 0.008146 0.008666 0.228250 0.000000 0.271577 0.048527 0.276776 0.185442 0.186655 0.201040 0.129463 0.259965 0.089601 0.263432 0.006412 0.242634
0 0.301040 0.005199 0.509012 0.008666 0.500347 0.102253 0.477816 0.168111 0.403293 0.183709 0.295841 0.183709
0 0.612998 0.001733 0.626863 0.060659 0.619931 0.114385 0.521144 0.136915 0.517678 0.005199
0 0.867764 0.185442 0.930156 0.279029 1.000000 0.265165 0.996014 0.128250 0.945754 0.126516 0.911092 0.136915 0.876430 0.155979
0 0.640728 0.221837 0.684056 0.194107 0.720451 0.199307 0.742981 0.225303 0.765511 0.240901 0.765511 0.315425 0.696187 0.351820 0.647660 0.317158 0.633796 0.277296
0 0.543674 0.289428 0.592201 0.301560 0.599133 0.360485 0.559272 0.379549 0.531542 0.360485 0.522877 0.331023
0 0.418891 0.296360 0.509012 0.311958 0.529809 0.379549 0.529809 0.428076 0.514211 0.473137 0.489948 0.464471 0.476083 0.485269 0.455286 0.462738 0.427556 0.490468 0.340901 0.383016
0 0.153726 0.395147 0.224783 0.400347 0.247314 0.455806 0.252513 0.495667 0.224783 0.544194 0.193588 0.561525 0.136395 0.573657 0.127730 0.538995 0.086135 0.512998 0.100000 0.457539 0.113865 0.415945
0 0.876430 0.422877 0.992548 0.428076 0.997747 0.516464 0.928423 0.597920 0.874697 0.584055 0.838302 0.597920 0.768977 0.512998 0.824437 0.492201
0 0.827903 0.618718 0.923224 0.646447 0.930156 0.705373 0.924957 0.752166 0.904159 0.743501 0.876430 0.781629 0.756846 0.724437 0.772444 0.649913 0.794974 0.622184
0 0.557539 0.485269 0.638995 0.497400 0.690988 0.525130 0.701386 0.585789 0.704853 0.636048 0.689255 0.691508 0.659792 0.698440 0.635529 0.712305 0.536742 0.689775 0.512478 0.668977 0.498614 0.615251 0.495147 0.584055 0.484749 0.559792
0 0.302773 0.559792 0.372097 0.592721 0.358232 0.622184 0.425823 0.660312 0.377296 0.700173 0.309705 0.804159 0.257712 0.788562 0.254246 0.752166 0.223050 0.726170 0.174523 0.733102 0.160659 0.710572
0 0.002946 0.623917 0.048007 0.703640 0.120797 0.693241 0.132929 0.743501 0.080936 0.823224 0.100000 0.896014 0.072270 0.925477 0.032409 0.942808 0.004679 0.967071
0 0.827903 0.818024 0.895494 0.823224 0.930156 0.887348 0.900693 0.925477 0.794974 0.901213
0 0.186655 0.918544 0.292374 0.920277 0.249047 0.975737 0.209185 0.996534
0 0.526343 0.745234 0.710052 0.712305 0.819237 0.812825 0.732582 0.930676 0.671924 0.989601 0.607799 0.986135 0.535009 0.750433
0 0.361698 0.767764 0.533276 0.788562 0.600867 0.993068 0.337435 0.961872
0 0.125997 0.927210 0.101733 0.814558 0.157192 0.797227 0.223050 0.800693 0.242114 0.819757 0.240381 0.875217
