0 0.012056 0.010152 0.126269 0.107868 0.246827 0.081218 0.306472 0.000000
0 0.329315 0.027919 0.490482 0.124365 0.473985 0.233503 0.300127 0.315990 0.159264 0.187817 0.254442 0.087563
0 0.491751 0.244924 0.575508 0.246193 0.627538 0.300761 0.621193 0.366751 0.578046 0.425127 0.503173 0.453046 0.444797 0.431472 0.404188 0.395939 0.410533 0.319797 0.446066 0.253807
0 0.505711 0.553299 0.552665 0.540609 0.553934 0.482233 0.505711 0.460660 0.451142 0.473350 0.477792 0.511421
0 0.498096 0.565990 0.463832 0.530457 0.433376 0.552030 0.430838 0.593909 0.462563 0.628173 0.520939 0.618020 0.494289 0.559645
0 0.442259 0.630711 0.396574 0.616751 0.378807 0.652284 0.395305 0.681472 0.449873 0.677665
0 0.414340 0.708122 0.358503 0.653553 0.326777 0.690355 0.326777 0.734772 0.363579 0.760152 0.404188 0.752538
0 0.303934 0.714467 0.236675 0.725888 0.237944 0.758883 0.253173 0.794416 0.316624 0.774112
0 0.237944 0.796954 0.184645 0.781726 0.169416 0.821066 0.193528 0.862944 0.227792 0.859137
0 0.121193 0.845178 0.089467 0.878173 0.104695 0.911168 0.155457 0.917513 0.194797 0.898477 0.178300 0.861675
0 0.107234 0.928934 0.075508 0.961929 0.116117 0.993655 0.142766 0.961929
0 0.053934 0.956853 0.005711 0.974619 0.001904 0.998731 0.092005 1.000000 0.083122 0.974619
0 0.287437 0.947970 0.244289 0.898477 0.334391 0.810914 0.404188 0.796954 0.458756 0.803299 0.518401 0.851523 0.514594 0.895939 0.489213 0.978426 0.470178 0.996193 0.295051 1.000000 0.296320 0.972081
0 0.523477 1.000000 0.562817 0.945431 0.630076 0.939086 0.646574 0.982234 0.642766 1.000000
0 0.560279 0.898477 0.644036 0.902284 0.668147 0.874365 0.666878 0.835025 0.673223 0.794416 0.664340 0.753807 0.631345 0.727157 0.594543 0.709391 0.524746 0.705584 0.501904 0.725888 0.493020 0.770305 0.506980 0.814721 0.523477 0.850254 0.546320 0.894670
0 0.663071 0.937817 0.721447 0.949239 0.740482 0.921320 0.729061 0.883249 0.688452 0.884518 0.661802 0.912437
0 0.768401 0.973350 0.829315 0.988579 0.891497 1.000000 0.947335 0.994924 0.935914 0.942893 0.909264 0.909899 0.871193 0.897208 0.830584 0.916244 0.795051 0.941624
0 0.924492 0.890863 0.986675 0.906091 0.999365 0.758883 0.979061 0.728426 0.932107 0.755076 0.916878 0.814721
0 0.821701 0.893401 0.891497 0.895939 0.921954 0.879442 0.904188 0.790609 0.838198 0.813452 0.774746 0.887056
0 0.758249 0.887056 0.842005 0.800761 0.802665 0.733503 0.763325 0.729695 0.739213 0.753807 0.689721 0.757614 0.684645 0.812183 0.673223 0.847716 0.694797 0.850254 0.712563 0.874365
0 0.852157 0.689086 0.801396 0.708122 0.824239 0.744924 0.859772 0.728426
0 0.857234 0.744924 0.822970 0.756345 0.847081 0.790609
0 0.864848 0.697970 0.916878 0.684010 0.957487 0.720812 0.995558 0.723350 0.994289 0.656091 0.985406 0.638325 0.990482 0.563452 0.928299 0.571066 0.915609 0.605330 0.855964 0.657360
0 0.632614 0.637056 0.685914 0.657360 0.723985 0.653553 0.707487 0.609137 0.680838 0.572335 0.635152 0.582487
0 0.996827 0.077411 0.957487 0.071066 0.930838 0.153553 0.913071 0.167513 0.960025 0.257614 0.998096 0.267767
0 0.567893 0.597716 0.613579 0.601523 0.628807 0.582487 0.623731 0.507614 0.597081 0.506345 0.559010 0.557107
0 0.621193 0.619289 0.576777 0.615482 0.518401 0.680203 0.553934 0.694162 0.632614 0.719543 0.671954 0.741117 0.683376 0.751269 0.748096 0.730964 0.734137 0.666244 0.715101 0.663706 0.678299 0.661168 0.631345 0.649746
0 0.713832 0.583756 0.723985 0.545685 0.721447 0.497462 0.660533 0.456853 0.626269 0.493655 0.633883 0.571066
0 0.719991 0.585996 0.725963 0.541206 0.787922 0.540460 0.807331 0.553897 0.788668 0.613616 0.743879 0.666617 0.706554 0.597193
0 0.754330 0.720364 0.794640 0.722604 0.805091 0.693491 0.838683 0.686772 0.879740 0.633771 0.875261 0.601672 0.840923 0.586742 0.816288 0.564348 0.792401 0.619588 0.750597 0.669603 0.741639 0.681547
0 0.818528 0.558376 0.871529 0.594954 0.901388 0.569573 0.891684 0.514333 0.864810 0.513586 0.820021 0.527769
0 0.736414 0.532995 0.813303 0.538220 0.814049 0.523291 0.804345 0.474022 0.778964 0.459092 0.755823 0.452374 0.746865 0.483726 0.730442 0.495670 0.725963 0.515079
0 0.656539 0.446402 0.725217 0.492684 0.746865 0.483726 0.757316 0.426247 0.769259 0.385936 0.737907 0.385936 0.724470 0.404598 0.682666 0.402359 0.659525 0.427740
0 0.778964 0.382950 0.766273 0.436698 0.844655 0.442669 0.864064 0.436698 0.846148 0.395640 0.810317 0.373246
0 0.761795 0.443416 0.761048 0.449388 0.808824 0.474022 0.852120 0.450881 0.842416 0.445655
0 0.843162 0.380711 0.855852 0.400119 0.866303 0.431472 0.899895 0.421021 0.899149 0.393401
0 0.896910 0.435951 0.855852 0.450881 0.870036 0.504628 0.897656 0.506868
0 0.814049 0.481487 0.851374 0.458346 0.860331 0.504628 0.823753 0.516572
