0 0.133745 0.975309 0.135802 0.934156 0.156379 0.905350 0.187243 0.878601 0.228395 0.870370 0.286008 0.870370 0.331276 0.880658 0.355967 0.890946 0.382716 0.913580 0.397119 0.944444 0.401235 0.997942 0.139918 0.997942
0 0.993827 0.141975 0.979424 0.164609 0.952675 0.174897 0.923868 0.172840 0.890946 0.172840 0.864197 0.168724 0.843621 0.156379 0.843621 0.125514 0.831276 0.082305 0.820988 0.057613 0.827161 0.039095 0.855967 0.002058 1.000000 0.002058
0 0.541152 0.438272 0.549383 0.421811 0.572016 0.417695 0.598765 0.423868 0.613169 0.444444 0.615226 0.471193 0.609054 0.491770 0.592593 0.497942 0.563786 0.500000 0.549383 0.483539
0 0.000000 0.267490 0.026749 0.283951 0.051440 0.310700 0.069959 0.341564 0.074074 0.378601 0.074074 0.417695 0.061728 0.450617 0.051440 0.497942 0.037037 0.528807 0.000000 0.553498
0 0.002058 0.736625 0.002058 0.559671 0.032922 0.530864 0.057613 0.563786 0.061728 0.594650 0.055556 0.637860 0.043210 0.668724 0.026749 0.713992
0 0.051440 0.220165 0.063786 0.195473 0.096708 0.189300 0.129630 0.191358 0.150206 0.207819 0.158436 0.238683 0.146091 0.271605 0.129630 0.294239 0.090535 0.312757 0.065844 0.316872 0.032922 0.281893
0 0.185185 0.267490 0.209877 0.302469 0.228395 0.345679 0.224280 0.368313 0.141975 0.401235 0.082305 0.376543 0.080247 0.327160
0 0.325103 0.117284 0.300412 0.125514 0.277778 0.117284 0.259259 0.098765 0.259259 0.072016 0.279835 0.049383 0.306584 0.037037 0.325103 0.026749 0.349794 0.041152
0 0.290123 0.201646 0.325103 0.222222 0.323045 0.255144 0.312757 0.290123 0.286008 0.318930 0.265432 0.312757 0.244856 0.300412 0.224280 0.281893 0.213992 0.259259 0.226337 0.232510 0.244856 0.211934
0 0.298354 0.403292 0.323045 0.417695 0.327160 0.434156 0.320988 0.456790 0.302469 0.467078 0.281893 0.462963 0.269547 0.458848 0.259259 0.436214 0.263374 0.417695 0.281893 0.407407
