0 0.222008 0.272201 0.283784 0.239382 0.249035 0.166023 0.167954 0.196911
0 0.915058 0.003861 0.832046 0.096525 0.832046 0.212355 0.826255 0.274131 0.849421 0.326255 0.924710 0.382239 0.988417 0.353282 1.000000 0.330116 1.000000 0.123552 0.972973 0.094595 1.000000 0.059846 0.998070 0.000000
0 0.005792 0.766409 0.092664 0.803089 0.171815 0.861004 0.183398 0.903475 0.160232 1.000000 0.000000 1.000000
0 0.389961 0.637066 0.484556 0.604247 0.484556 0.509652 0.401544 0.465251 0.324324 0.457529 0.279923 0.527027 0.312741 0.615830
0 0.420849 0.453668 0.457529 0.388031 0.501931 0.386100 0.546332 0.359073 0.606178 0.455598 0.594595 0.521236 0.500000 0.519305
0 0.472973 0.996139 0.691120 0.996139 0.710425 0.926641 0.764479 0.909266 0.750965 0.789575 0.689189 0.610039 0.594595 0.552124 0.536680 0.613900 0.554054 0.706564 0.465251 0.801158 0.492278 0.911197
0 0.779923 0.998070 0.874517 0.945946 0.994209 0.928571 0.996139 1.000000
0 0.635135 0.557915 0.671815 0.567568 0.694981 0.501931 0.723938 0.476834 0.722008 0.416988 0.683398 0.378378 0.635135 0.386100 0.604247 0.432432 0.604247 0.527027
0 0.644788 0.361004 0.673745 0.295367 0.720077 0.289575 0.762548 0.341699 0.772201 0.374517 0.723938 0.401544
0 0.718147 0.237452 0.698842 0.218147 0.743243 0.166023 0.799228 0.185328 0.805019 0.235521 0.808880 0.270270 0.832046 0.324324 0.785714 0.357143 0.731660 0.293436 0.735521 0.262548
0 0.256757 0.353282 0.314672 0.368726 0.345560 0.316602 0.330116 0.283784 0.285714 0.295367
0 0.353282 0.247104 0.422780 0.301158 0.434363 0.351351 0.413127 0.388031 0.355212 0.347490
0 0.193050 0.548263 0.264479 0.552124 0.274131 0.511583 0.264479 0.467181 0.208494 0.465251 0.175676 0.509652
0 0.025097 0.166023 0.050193 0.154440 0.046332 0.133205 0.023166 0.129344 0.013514 0.137066
0 0.069498 0.204633 0.069498 0.177606 0.092664 0.175676 0.106178 0.196911 0.092664 0.214286
0 0.183398 0.974904 0.194981 0.918919 0.233591 0.940154 0.237452 0.972973 0.283784 0.982625 0.295367 1.000000 0.208494 1.000000
0 0.277992 0.741313 0.308880 0.654440 0.418919 0.640927 0.420849 0.662162 0.521236 0.664093 0.511583 0.737452 0.428571 0.803089 0.299228 0.762548
0 0.291506 0.835907 0.359073 0.812741 0.341699 0.783784 0.301158 0.772201 0.276062 0.805019
0 0.308880 0.864865 0.359073 0.826255 0.386100 0.861004 0.368726 0.897683
0 0.407336 0.861004 0.444015 0.837838 0.476834 0.876448 0.476834 0.922780 0.465251 0.986486 0.418919 0.947876 0.378378 0.924710
0 0.380903 0.836056 0.411345 0.848678 0.432135 0.831601 0.419513 0.804871 0.367538 0.795218
