0 0.504685 0.175703 0.554886 0.225904 0.633199 0.219880 0.673360 0.175703 0.701473 0.143574 0.675368 0.097390 0.623159 0.041165 0.540830 0.061245
0 0.603079 0.380522 0.653280 0.384538 0.679384 0.354418 0.663320 0.306225 0.617135 0.294177 0.572958 0.334337 0.564926 0.366466
0 0.014726 0.639558 0.044846 0.651606 0.062918 0.605422 0.054886 0.573293 0.020750 0.593373
0 0.004685 0.878514 0.050870 0.902610 0.087015 0.878514 0.091031 0.836345 0.070950 0.804217 0.018742 0.832329
0 0.651272 0.278112 0.647256 0.250000 0.679384 0.235944 0.725569 0.221888 0.747657 0.264056 0.749665 0.288153 0.721553 0.304217 0.709505 0.312249
0 0.338019 0.760040 0.271754 0.758032 0.251673 0.778112 0.219545 0.774096 0.187416 0.737952 0.187416 0.717871 0.187416 0.703815 0.219545 0.653614 0.243641 0.665663 0.285810 0.655622 0.297858 0.685743 0.315930 0.713855
0 0.334003 0.826305 0.293842 0.826305 0.287818 0.802209 0.283802 0.762048 0.344043 0.758032 0.376171 0.794177
0 0.336011 0.649598 0.295850 0.641566 0.265730 0.651606 0.334003 0.741968 0.354083 0.721888 0.342035 0.673695
0 0.400268 0.615462 0.340027 0.653614 0.303882 0.635542 0.295850 0.613454 0.323962 0.585341 0.348059 0.573293 0.384203 0.593373
0 0.400268 0.521084 0.360107 0.543173 0.340027 0.567269 0.372155 0.593373 0.402276 0.599398 0.412316 0.577309 0.440428 0.561245
0 0.103079 0.792169 0.103079 0.774096 0.056894 0.752008 0.030790 0.776104 0.004685 0.802209 0.032798 0.820281 0.076975 0.812249 0.099063 0.832329
