0 0.599063 0.549197 0.528782 0.545181 0.508701 0.521084 0.486613 0.488956 0.490629 0.432731 0.516734 0.408635 0.599063 0.414659 0.621151 0.466867
0 0.763722 0.621486 0.695448 0.595382 0.673360 0.549197 0.669344 0.494980 0.707497 0.444779 0.797858 0.434739 0.866131 0.480924 0.882195 0.549197 0.836011 0.585341
0 0.994645 0.647590 0.934404 0.643574 0.896252 0.589357 0.880187 0.533132 0.914324 0.488956 0.946452 0.446787 0.998661 0.488956
0 0.651272 0.994980 0.677376 0.924699 0.677376 0.874498 0.645248 0.790161 0.530790 0.764056 0.456493 0.804217 0.424364 0.858434 0.412316 0.924699 0.420348 0.990964
0 0.689424 0.942771 0.761714 0.938755 0.817938 0.982932 0.888219 0.948795 0.920348 0.926707 0.920348 0.762048 0.829987 0.705823 0.737617 0.697791 0.633199 0.772088
0 0.958501 0.950803 0.998661 0.988956 1.000000 0.810241 0.944444 0.840361
0 0.338019 0.099398 0.219545 0.000000 0.452477 0.000000
0 0.498661 0.079317 0.651272 0.000000 0.428380 0.000000
0 0.010709 0.294177 0.082999 0.258032 0.070950 0.193775 0.119143 0.163655 0.115127 0.101406 0.000669 0.075301 0.006693 0.304217 0.022758 0.292169 0.012717 0.306225
0 0.078983 0.019076 0.044846 0.023092 0.028782 0.043173 0.000000 0.043173 0.000000 0.000000 0.074966 0.000000
