0 0.781095 0.559702 0.750000 0.587065 0.682836 0.626866 0.650497 0.661692 0.645522 0.679105 0.641791 0.717662 0.650497 0.753731 0.660448 0.783582 0.669154 0.815920 0.676617 0.833333 0.692786 0.849503 0.726368 0.871891 0.746269 0.879353 0.789801 0.884328 0.818408 0.883085 0.876866 0.880597 0.894279 0.861940 0.914179 0.829602 0.916667 0.799751 0.920398 0.754975 0.939055 0.728856 0.941542 0.703980 0.915423 0.650497 0.875622 0.611940 0.840796 0.584577 0.788557 0.559702
0 0.616915 0.681592 0.590796 0.674129 0.567164 0.666667 0.542289 0.684080 0.509950 0.725124 0.493781 0.751244 0.486318 0.781095 0.487562 0.824627 0.492537 0.854478 0.507463 0.875622 0.532338 0.896766 0.590796 0.906716 0.636816 0.902985 0.676617 0.889303 0.681592 0.869403 0.672886 0.838308 0.661692 0.808458 0.654229 0.773632 0.651741 0.750000 0.635572 0.699005
0 0.812189 0.972637 0.796020 0.939055 0.779851 0.920398 0.745025 0.894279 0.710199 0.894279 0.690298 0.906716 0.645522 0.914179 0.588308 0.910448 0.553483 0.911692 0.518657 0.915423 0.501244 0.912935 0.490050 0.932836 0.481343 0.965174 0.478856 0.981343 0.514925 1.000000 0.605721 1.000000 0.679105 1.000000 0.823383 1.000000
0 0.457711 0.529851 0.523632 0.541045 0.585821 0.539801 0.615672 0.516169 0.634328 0.496269 0.645522 0.467662 0.624378 0.435323 0.593284 0.389304 0.565920 0.360696 0.518657 0.353234 0.477612 0.369403 0.447761 0.399254 0.437811 0.440298 0.450249 0.508707
0 0.662935 0.351990 0.690298 0.370647 0.731343 0.379353 0.762438 0.373134 0.791045 0.351990 0.810945 0.337065 0.832090 0.317164 0.839552 0.291045 0.843284 0.246269 0.855721 0.213930 0.860697 0.182836 0.847015 0.175373 0.799751 0.161692 0.778607 0.145522 0.745025 0.138060 0.692786 0.120647 0.655473 0.114428 0.597015 0.128109 0.575871 0.145522 0.548507 0.170398 0.539801 0.192786 0.552239 0.227612 0.562189 0.266169 0.584577 0.293532 0.620647 0.312189 0.641791 0.334577
0 0.473881 0.353234 0.492537 0.353234 0.526119 0.340796 0.543532 0.330846 0.562189 0.313433 0.569652 0.294776 0.564677 0.273632 0.552239 0.241294 0.542289 0.212687 0.536070 0.190299 0.523632 0.180348 0.504975 0.177861 0.482587 0.184080 0.453980 0.203980 0.432836 0.230099 0.430348 0.258706 0.442786 0.317164 0.456468 0.342040
0 0.650497 0.424129 0.669154 0.419154 0.694030 0.406716 0.697761 0.374378 0.655473 0.328358 0.614428 0.300995 0.559702 0.309702 0.543532 0.328358 0.534826 0.368159 0.538557 0.386816 0.573383 0.422886 0.620647 0.435323
0 0.824627 0.344527 0.830846 0.355721 0.870647 0.381841 0.893035 0.371891 0.912935 0.349503 0.921642 0.322139 0.931592 0.294776 0.942786 0.267413 0.956468 0.227612 0.949005 0.212687 0.907960 0.201493 0.889303 0.208955 0.859453 0.238806 0.840796 0.271144 0.830846 0.300995
0 0.917910 0.169154 0.915423 0.151741 0.904229 0.119403 0.881841 0.103234 0.842040 0.103234 0.792289 0.119403 0.782338 0.130597 0.793532 0.180348 0.807214 0.203980 0.839552 0.236318 0.861940 0.231343 0.893035 0.201493
0 0.834577 0.067164 0.815920 0.032338 0.810945 0.016169 0.793532 0.000000 0.728856 0.000000 0.681592 0.000000 0.633085 0.000000 0.550995 0.013682 0.534826 0.021144 0.500000 0.034826 0.473881 0.049751 0.457711 0.087065 0.442786 0.138060 0.458955 0.167910 0.503731 0.180348 0.536070 0.170398 0.550995 0.159204 0.570895 0.152985 0.592040 0.129353 0.613184 0.123134 0.664179 0.123134 0.726368 0.126866 0.784826 0.136816 0.824627 0.114428 0.835821 0.098259
0 0.741293 0.394279 0.732587 0.411692 0.745025 0.449005 0.761194 0.473881 0.788557 0.480099 0.810945 0.458955 0.812189 0.434080 0.805970 0.399254 0.792289 0.380597 0.781095 0.370647 0.745025 0.386816
0 0.859453 0.563433 0.915423 0.543532 0.941542 0.532338 0.960199 0.524876 1.000000 0.519901 0.998756 0.582090 1.000000 0.625622 1.000000 0.676617 0.992537 0.705224 0.973881 0.721393 0.953980 0.720149 0.927861 0.677861 0.905473 0.655473 0.881841 0.630597 0.869403 0.590796
0 0.034826 0.155473 0.084577 0.148010 0.125622 0.128109 0.145522 0.109453 0.145522 0.079602 0.128109 0.058458 0.115672 0.031095 0.109453 0.014925 0.090796 0.001244 0.050995 0.000000 0.009950 0.001244 0.000000 0.002488 0.000000 0.041045 0.002488 0.077114 0.003731 0.119403 0.003731 0.160448 0.041045 0.156716
