0 0.549635 0.001825 0.686496 0.000000 0.741241 0.029197 0.726642 0.094891 0.668248 0.124088 0.580657 0.125912 0.507664 0.032847 0.540511 0.003650
0 0.903650 0.124088 0.994891 0.167883 0.982117 0.235401 0.905474 0.224453 0.872628 0.160584 0.872628 0.131387
0 0.777737 0.189781 0.887226 0.187956 0.912774 0.262774 0.834307 0.293796 0.764963 0.275547 0.750365 0.248175
0 0.668248 0.233577 0.746715 0.237226 0.719343 0.284672 0.650000 0.299270 0.637226 0.281022
0 0.465693 0.240876 0.500365 0.248175 0.493066 0.282847 0.456569 0.288321 0.454745 0.270073
0 0.361679 0.228102 0.398175 0.229927 0.398175 0.255474 0.381752 0.277372 0.356204 0.262774
0 0.828832 0.000000 0.994891 0.001825 0.974818 0.093066 0.828832 0.091241 0.806934 0.032847
0 0.836131 0.503650 0.974818 0.425182 0.998540 0.483577 0.989416 0.596715 0.876277 0.667883
0 0.699270 0.583942 0.836131 0.503650 0.868978 0.669708 0.817883 0.702555 0.717518 0.666058
0 0.690146 0.883212 0.761314 0.879562 0.799635 0.910584 0.810584 0.963504 0.759489 0.998175 0.713869 0.985402 0.681022 0.932482
0 0.963869 0.708029 1.000000 0.726277 0.991241 0.795620 0.920073 0.802920 0.907299 0.760949
