0 0.155763 0.006231 0.127726 0.040498 0.104361 0.070093 0.032710 0.045171 0.032710 0.009346 0.035826 0.000000
0 0.176012 0.065421 0.200935 0.088785 0.202492 0.132399 0.202492 0.155763 0.168224 0.165109 0.130841 0.166667 0.115265 0.138629 0.102804 0.088785 0.121495 0.070093
0 0.084112 0.161994 0.129283 0.174455 0.115265 0.191589 0.098131 0.208723 0.079439 0.218069 0.066978 0.210280 0.046729 0.180685 0.066978 0.158879
0 0.001558 0.348910 0.056075 0.372274 0.077882 0.375389 0.085670 0.419003 0.093458 0.462617 0.099688 0.503115 0.049844 0.507788 0.043614 0.532710 0.000000 0.509346
0 0.313084 0.327103 0.341121 0.345794 0.362928 0.390966 0.344237 0.429907 0.316199 0.471963 0.257009 0.465732 0.227414 0.431464 0.224299 0.384735 0.238318 0.341121 0.280374 0.327103
0 0.306854 0.554517 0.344237 0.562305 0.378505 0.580997 0.386293 0.626168 0.386293 0.697819 0.364486 0.730530 0.334891 0.760125 0.286604 0.772586 0.244548 0.758567 0.204050 0.733645 0.174455 0.657321 0.163551 0.604361 0.191589 0.563863 0.242991 0.551402
0 0.633956 0.809969 0.672897 0.813084 0.711838 0.887850 0.680685 0.939252 0.663551 0.959502 0.630841 0.965732 0.587227 0.950156 0.543614 0.909657 0.540498 0.848910 0.562305 0.811526
0 0.886293 0.993769 0.869159 0.956386 0.834891 0.919003 0.788162 0.911215 0.749221 0.914330 0.741433 0.947040 0.736760 0.985981
0 0.839564 0.862928 0.903427 0.850467 0.947040 0.778816 0.895639 0.735202 0.831776 0.764798 0.783489 0.786604 0.831776 0.862928
0 0.714953 0.476636 0.643302 0.437695 0.609034 0.471963 0.633956 0.518692 0.679128 0.535826 0.739875 0.504673
0 0.696262 0.348910 0.652648 0.334891 0.643302 0.373832 0.665109 0.394081 0.691589 0.375389
