0 0.050943 0.994854 0.032075 0.929674 0.059520 0.883362 0.133276 0.833619 0.177873 0.849057 0.232762 0.888508 0.232762 0.945112 0.217324 0.994854 0.112693 1.000000
0 0.815952 0.994854 0.858834 0.931389 0.881132 0.869640 0.924014 0.835334 0.977187 0.835334 1.000000 0.883362 0.996055 1.000000
0 0.982333 0.753002 0.915437 0.684391 0.843396 0.643225 0.887993 0.583190 0.836535 0.526587 0.841681 0.469983 0.894854 0.439108 0.956604 0.413379 1.000000 0.416810 0.994340 0.749571
0 0.592967 0.399657 0.670154 0.415094 0.709605 0.447684 0.709605 0.516295 0.670154 0.560892 0.592967 0.586621 0.548370 0.567753 0.505489 0.536878 0.500343 0.497427 0.534648 0.430532 0.568954 0.409949
0 0.102401 0.089194 0.145283 0.161235 0.165866 0.210978 0.165866 0.259005 0.141852 0.317324 0.098971 0.320755 0.049228 0.281304 0.006346 0.271012 0.016638 0.231561 0.000000 0.188679 0.026930 0.135506 0.047513 0.096055 0.088679 0.089194
0 0.215609 0.003431 0.184734 0.039451 0.133276 0.070326 0.133276 0.108062 0.157290 0.149228 0.198456 0.132075 0.225900 0.108062 0.263636 0.130360 0.308233 0.132075 0.345969 0.123499 0.359691 0.084048 0.337393 0.058319 0.325386 0.041166 0.352830 0.013722 0.349400 0.000000
0 0.315094 0.349914 0.243053 0.324185 0.196741 0.360206 0.181304 0.320755 0.186449 0.293310 0.220755 0.286449 0.220755 0.238422 0.227616 0.204117 0.251629 0.180103 0.299657 0.150943 0.335678 0.142367 0.375129 0.169811 0.392281 0.174957 0.414580 0.217839 0.418010 0.259005 0.404288 0.327616
0 0.397427 0.114923 0.438593 0.149228 0.476329 0.133791 0.472899 0.087479 0.430017 0.049743 0.406003 0.073756
0 0.505489 0.137221 0.486621 0.094340 0.515780 0.075472 0.541509 0.106346 0.541509 0.135506
0 0.510635 0.018868 0.541509 0.029160 0.555232 0.078902 0.534648 0.085763 0.515780 0.065180 0.498628 0.051458 0.496912 0.032590
0 0.671870 0.003431 0.707890 0.005146 0.743911 0.044597 0.755918 0.087479 0.747341 0.130360 0.723328 0.178388 0.692453 0.212693 0.646141 0.212693 0.625557 0.181818 0.610120 0.181818 0.574099 0.188679 0.529503 0.192110 0.514065 0.159520 0.548370 0.138937 0.553516 0.102916 0.565523 0.049743 0.551801 0.005146 0.587822 0.000000
0 0.949743 0.003431 0.942882 0.056604 0.918868 0.089194 0.863979 0.063465 0.831389 0.077187 0.793653 0.065180 0.762779 0.066895 0.747341 0.034305 0.730189 0.005146
0 0.877702 0.094340 0.891424 0.108062 0.918868 0.090909 0.925729 0.125214 0.918868 0.149228 0.918868 0.169811 0.891424 0.190395 0.857118 0.197256 0.834820 0.188679 0.810806 0.145798 0.810806 0.135506 0.819382 0.114923 0.827959 0.097770 0.869125 0.090909
0 0.785077 0.138937 0.778216 0.176672 0.778216 0.193825 0.783362 0.238422 0.797084 0.262436 0.827959 0.274443 0.860549 0.264151 0.863979 0.231561 0.843396 0.207547 0.827959 0.198971 0.809091 0.173242 0.809091 0.149228
0 0.894854 0.221269 0.896569 0.259005 0.918868 0.277873 0.975472 0.288165 0.987478 0.272727 0.994340 0.252144 1.000000 0.195540 0.989194 0.156089 0.961749 0.149228 0.939451 0.161235 0.910292 0.188679
0 0.965180 0.075472 0.984048 0.114923 0.972041 0.135506 0.948027 0.145798 0.927444 0.116638 0.932590 0.094340 0.939451 0.080617
0 0.706175 0.348199 0.653002 0.329331 0.665009 0.284734 0.680446 0.233276 0.718182 0.198971 0.745626 0.192110 0.759348 0.212693 0.774786 0.265866 0.773070 0.301887 0.742195 0.343053
0 0.570669 0.348199 0.514065 0.348199 0.466038 0.341338 0.426587 0.301887 0.440309 0.252144 0.466038 0.216124 0.493482 0.204117 0.541509 0.202401 0.613551 0.198971 0.647856 0.221269 0.663293 0.241852 0.661578 0.271012 0.653002 0.310463 0.634134 0.332762
0 0.373413 0.603774 0.280789 0.560892 0.246484 0.512865 0.246484 0.461407 0.258491 0.418525 0.273928 0.389365 0.308233 0.375643 0.344254 0.360206 0.388851 0.348199 0.490051 0.384220 0.495197 0.463122 0.483190 0.535163 0.416295 0.588336
0 0.138422 0.346484 0.157290 0.384220 0.136707 0.425386 0.090394 0.416810 0.061235 0.403087 0.068096 0.353345 0.081818 0.336192 0.116123 0.327616
0 0.061235 0.430532 0.062950 0.456261 0.021784 0.471698 0.009777 0.433962 0.020069 0.409949 0.044082 0.403087
0 0.064665 0.540309 0.013208 0.526587 0.023499 0.493997 0.049228 0.478559 0.068096 0.473413 0.080103 0.488851 0.088679 0.521441 0.074957 0.533448
0 0.104117 0.502573 0.138422 0.506003 0.157290 0.497427 0.172727 0.471698 0.157290 0.440823 0.107547 0.444254 0.095540 0.459691 0.092110 0.495712
0 0.143568 0.526587 0.177873 0.550600 0.179588 0.581475 0.124700 0.636364 0.083533 0.638079 0.045798 0.610635 0.035506 0.581475 0.057804 0.554031 0.081818 0.533448 0.122985 0.531732
0 0.184734 0.626072 0.155575 0.663808 0.181304 0.698113 0.237907 0.728988 0.287650 0.739280 0.308233 0.711835 0.309949 0.682676 0.284220 0.658662 0.244768 0.627787
