0 0.002335 0.108949 0.045136 0.124514 0.080156 0.177043 0.095720 0.219844 0.089883 0.254864 0.072374 0.284047 0.056809 0.321012 0.025681 0.336576 0.000389 0.357977
0 0.198833 0.099222 0.138521 0.114786 0.115175 0.147860 0.105447 0.165370 0.111284 0.206226 0.150195 0.229572 0.156031 0.256809 0.183269 0.280156 0.280545 0.237354 0.233852 0.184825 0.278599 0.151751 0.259144 0.122568
0 0.300000 0.237354 0.366148 0.200389 0.329183 0.159533 0.362257 0.134241 0.301946 0.128405 0.276654 0.130350 0.286381 0.159533 0.247471 0.184825
0 0.169650 0.001946 0.393385 0.000000 0.401167 0.060311 0.368093 0.122568 0.274708 0.118677 0.212451 0.091440
0 0.004280 0.085603 0.070428 0.118677 0.085992 0.083658 0.126848 0.083658 0.136576 0.036965 0.111284 0.003891 0.004280 0.001946
0 0.467315 0.163424 0.422568 0.161479 0.401167 0.235409 0.459533 0.293774 0.498444 0.321012 0.539300 0.276265 0.558755 0.247082 0.529572 0.202335 0.504280 0.165370
0 0.523735 0.155642 0.601556 0.153697 0.638521 0.198444 0.646304 0.235409 0.621012 0.280156 0.570428 0.252918 0.535409 0.194553
0 0.615175 0.136187 0.657977 0.064202 0.698833 0.077821 0.714397 0.140078 0.691051 0.178988 0.646304 0.194553
0 0.729961 0.046693 0.770817 0.062257 0.829183 0.011673 0.887549 0.048638 0.907004 0.052529 0.938132 0.036965 0.969261 0.033074 0.969261 0.175097 0.936187 0.192607 0.926459 0.239300 0.883658 0.247082 0.835019 0.252918 0.825292 0.282101 0.792218 0.250973 0.774708 0.241245 0.745525 0.163424 0.729961 0.107004
0 0.642412 0.282101 0.685214 0.289883 0.726070 0.241245 0.757199 0.247082 0.774708 0.249027 0.735798 0.145914 0.704669 0.180934 0.656031 0.202335 0.652140 0.235409
0 0.410895 0.463035 0.399222 0.484436 0.407004 0.513619 0.436187 0.531128 0.442023 0.552529 0.442023 0.593385 0.447860 0.616732 0.475097 0.610895 0.484825 0.579767 0.486770 0.536965 0.463424 0.505837 0.451751 0.482490 0.449805 0.447471 0.405058 0.435798
0 0.006226 0.457198 0.023735 0.447471 0.056809 0.459144 0.060700 0.486381 0.027626 0.492218 0.004280 0.492218
0 0.045136 0.429961 0.062646 0.457198 0.070428 0.476654 0.115175 0.459144 0.095720 0.418288 0.070428 0.408560
0 0.113230 0.402724 0.144358 0.387160 0.165759 0.418288 0.140467 0.449416 0.117121 0.449416 0.099611 0.414397
