0 0.065355 0.565990 0.003173 0.496193 0.022208 0.421320 0.093274 0.392132 0.193528 0.463198 0.202411 0.525381
0 0.098350 0.569797 0.226523 0.522843 0.251904 0.554569 0.237944 0.618020 0.178300 0.643401 0.102157 0.577411 0.104695 0.579949
0 0.380076 0.554569 0.456218 0.531726 0.415609 0.460660 0.343274 0.488579
0 0.080584 0.862944 0.138959 0.848985 0.142766 0.795685 0.117386 0.762690 0.067893 0.765228 0.033629 0.813452
0 0.810279 0.213198 0.887690 0.210660 0.883883 0.162437 0.859772 0.100254 0.807741 0.124365
0 0.798858 0.209391 0.800127 0.134518 0.731599 0.133249 0.699873 0.173858 0.692259 0.230964 0.768401 0.250000
0 0.882614 0.114213 0.909264 0.081218 0.935914 0.106599 0.942259 0.140863 0.907995 0.181472 0.887690 0.153553 0.882614 0.120558
0 0.711294 0.110406 0.759518 0.124365 0.791244 0.059645 0.732868 0.029188 0.706218 0.063452
0 0.737944 0.015228 0.792513 0.053299 0.810279 0.008883 0.763325 0.001269
0 0.344543 0.285533 0.388959 0.296954 0.411802 0.255076 0.392767 0.210660 0.329315 0.209391 0.306472 0.230964
0 0.409264 0.293147 0.447335 0.315990 0.468909 0.282995 0.453680 0.232234 0.429569 0.233503
