0 0.906203 1.000000 0.887461 1.000000 0.856671 1.000000 0.858010 0.978581 0.874074 0.950469 0.899509 0.962517 0.918251 0.973226 0.922267 0.995984
0 0.347970 0.993307 0.378760 0.993307 0.401517 1.000000 0.433646 0.995984 0.433646 0.971888 0.420259 0.931727 0.409549 0.934404 0.382776 0.933066 0.373405 0.955823 0.342615 0.951807 0.334583 0.958501 0.330567 0.965194 0.331905 0.981258 0.354663 0.995984 0.309148 0.923695 0.329228 0.918340 0.358679 0.914324 0.372066 0.906292 0.365373 0.887550 0.361357 0.878179 0.341276 0.868809 0.330567 0.851406 0.318519 0.827309 0.302454 0.820616 0.282374 0.832664 0.274342 0.848728 0.268987 0.862115 0.271664 0.882195 0.279697 0.886212 0.282374 0.912985 0.295761 0.921017 0.301116 0.935743 0.354663 0.994645
0 0.116377 0.931727 0.131102 0.931727 0.144489 0.925033 0.149844 0.906292 0.153860 0.896921 0.171263 0.898260 0.157876 0.878179 0.135118 0.864792 0.120393 0.848728 0.101651 0.852744 0.100312 0.866131 0.082909 0.884873 0.086925 0.906292 0.101651 0.919679
0 0.377421 0.681392 0.370727 0.677376 0.362695 0.655957 0.353324 0.655957 0.341276 0.653280 0.337260 0.637215 0.317180 0.609103 0.354663 0.621151 0.354663 0.597055 0.377421 0.597055 0.392146 0.611780 0.385453 0.623829 0.396162 0.626506 0.405533 0.643909 0.400179 0.653280 0.388130 0.662651
0 0.303793 0.590361 0.313164 0.585007 0.325212 0.580991 0.342615 0.579652 0.342615 0.591700 0.342615 0.603748 0.339938 0.609103 0.322535 0.614458 0.313164 0.610442
0 0.633110 0.690763 0.610353 0.685408 0.618385 0.670683 0.643820 0.662651
0 0.567515 0.613119 0.551450 0.603748 0.563498 0.591700 0.575547 0.585007 0.586256 0.591700
0 0.552789 0.559572 0.531370 0.568942 0.504596 0.544846 0.501919 0.528782 0.512628 0.516734 0.534047 0.522088 0.550112 0.523427 0.559482 0.546185
0 0.385453 0.425703 0.362695 0.421687 0.337260 0.409639 0.319857 0.385542 0.307809 0.354752 0.360018 0.336011 0.404195 0.329317 0.418920 0.337349 0.426952 0.372155 0.405533 0.412316
0 0.240875 0.436412 0.220794 0.427042 0.220794 0.416332 0.214101 0.389558 0.226149 0.372155 0.254261 0.368139 0.270326 0.393574 0.259616 0.420348
0 0.188666 0.412316 0.175279 0.431058 0.139134 0.398929 0.171263 0.373494 0.181972 0.357430 0.215440 0.366801 0.216778 0.386881 0.210085 0.416332 0.227488 0.436412 0.210085 0.445783 0.200714 0.431058
0 0.165908 0.361446 0.171263 0.350736 0.183311 0.350736 0.181972 0.336011 0.176618 0.325301 0.164569 0.317269 0.149844 0.317269 0.137796 0.303882 0.112361 0.299866 0.082909 0.307898 0.077555 0.319946 0.077555 0.352075 0.109683 0.360107 0.109683 0.360107 0.140473 0.362784
0 0.104328 0.267738 0.105667 0.261044 0.127086 0.261044 0.140473 0.248996 0.124409 0.236948 0.123070 0.212851 0.123070 0.203481 0.089603 0.190094 0.072200 0.199465 0.050781 0.199465 0.032039 0.215529 0.018652 0.251673 0.003927 0.267738 0.018652 0.295850 0.060152 0.309237 0.073539 0.322624 0.080232 0.302544 0.109683 0.299866
0 0.164569 0.175368 0.147166 0.174029 0.137796 0.164659 0.133780 0.184739 0.115038 0.184739 0.092280 0.184739 0.081571 0.171352 0.065506 0.152610 0.052120 0.144578 0.072200 0.129853 0.101651 0.132530 0.128425 0.121821 0.143150 0.113788 0.155199 0.101740 0.164569 0.085676 0.188666 0.085676 0.206069 0.093708 0.211423 0.120482 0.198037 0.147256 0.188666 0.139224 0.177956 0.164659
0 0.293083 0.116466 0.318519 0.095047 0.323873 0.087015 0.317180 0.080321 0.299777 0.069612 0.275681 0.066934 0.259616 0.076305 0.242213 0.084337 0.232843 0.104418 0.239536 0.125837 0.255600 0.129853 0.279697 0.121821
0 0.436323 0.093708 0.416243 0.093708 0.400179 0.099063 0.392146 0.099063 0.376082 0.091031 0.376082 0.084337 0.386792 0.065596 0.408211 0.058902 0.420259 0.053548
0 0.712093 0.307898 0.693351 0.299866 0.678626 0.299866 0.677287 0.286479 0.658545 0.274431 0.657207 0.259705 0.722802 0.244980 0.737528 0.270415 0.725480 0.279786 0.732173 0.306560
0 0.864703 0.246319 0.851316 0.247657 0.832575 0.243641 0.831236 0.228916 0.835252 0.222222 0.843284 0.218206 0.853994 0.215529 0.878090 0.220884 0.874074 0.227577
0 0.811156 0.534137 0.795092 0.540830 0.787059 0.531459 0.776350 0.522088 0.772334 0.506024 0.775011 0.491299 0.796430 0.488621 0.811156 0.491299 0.817849 0.512718
0 0.487193 0.029451 0.449710 0.037483 0.420259 0.045515 0.398840 0.021419 0.406872 0.005355 0.449710 0.002677 0.479161 0.000000
0 0.599643 0.659973 0.631772 0.661312 0.650513 0.643909 0.635788 0.615797 0.596966 0.639893 0.590272 0.647925
0 0.196698 0.466622 0.184650 0.461267 0.184650 0.451896 0.176618 0.449219 0.176618 0.435832 0.183311 0.433155 0.194021 0.427800 0.207407 0.434494 0.214101 0.450558
