0 0.252190 0.483577 0.339781 0.521898 0.376277 0.525547 0.427372 0.569343 0.434672 0.678832 0.378102 0.759124 0.222993 0.735402 0.175547 0.635037
0 0.002190 0.483577 0.055109 0.445255 0.120803 0.458029 0.171898 0.591241 0.137226 0.715329 0.002190 0.718978
0 0.317883 0.138686 0.431022 0.153285 0.500365 0.240876 0.525912 0.330292 0.485766 0.405109 0.381752 0.437956 0.339781 0.437956 0.303285 0.295620 0.257664 0.224453
0 0.173723 0.001825 0.162774 0.036496 0.193796 0.083942 0.235766 0.100365 0.334307 0.069343 0.347080 0.014599 0.328832 0.000000
0 0.925547 0.001825 0.989416 0.102190 0.936496 0.297445 0.852555 0.326642 0.668248 0.193431 0.646350 0.082117 0.655474 0.001825
0 0.870803 0.589416 0.894526 0.596715 0.903650 0.614963 0.890876 0.649635 0.852555 0.625912
0 0.920073 0.470803 0.965693 0.509124 0.923723 0.569343 0.889051 0.567518 0.872628 0.545620
0 0.160949 0.844890 0.222993 0.817518 0.274088 0.875912 0.252190 0.936131 0.202920 0.948905 0.157299 0.923358 0.181022 0.883212
0 0.102555 0.868613 0.135401 0.848540 0.171898 0.868613 0.170073 0.894161 0.144526 0.934307 0.108029 0.925183 0.089781 0.906934 0.113504 0.888686
0 0.004015 0.810219 0.025912 0.815693 0.040511 0.874088 0.077007 0.844890 0.097080 0.861314 0.111679 0.885037 0.049635 0.934307 0.018613 0.958029 0.002190 0.943431
