0 0.079365 0.693122 0.138889 0.706349 0.203704 0.685185 0.263228 0.612434 0.253968 0.531746 0.199735 0.482804 0.126984 0.498677 0.060847 0.559524 0.044974 0.616402
0 0.230159 0.674603 0.281746 0.670635 0.322751 0.621693 0.355820 0.548942 0.374339 0.486772 0.330688 0.462963 0.294974 0.525132 0.269841 0.580688 0.267196 0.616402
0 0.160053 0.462963 0.153439 0.410053 0.174603 0.382275 0.206349 0.367725 0.261905 0.371693 0.294974 0.406085 0.320106 0.443122 0.310847 0.485450 0.281746 0.534392 0.261905 0.525132 0.222222 0.492063 0.201058 0.480159
0 0.019841 0.535714 0.038360 0.554233 0.072751 0.533069 0.134921 0.494709 0.138889 0.460317 0.148148 0.415344 0.085979 0.365079 0.048942 0.374339 0.010582 0.407407 0.011905 0.527778
0 0.322751 0.417989 0.406085 0.424603 0.506614 0.370370 0.599206 0.273810 0.563492 0.210317 0.533069 0.140212 0.484127 0.112434 0.429894 0.088624 0.330688 0.150794 0.267196 0.132275 0.210317 0.166667 0.177249 0.177249 0.173280 0.240741 0.206349 0.268519 0.189153 0.320106 0.181217 0.353175 0.232804 0.363757 0.293651 0.379630
0 0.751323 0.916667 0.768519 0.928571 0.792328 0.906085 0.804233 0.871693 0.777778 0.849206 0.750000 0.862434 0.743386 0.900794 0.743386 0.900794 0.761905 0.912698
0 0.339947 0.945767 0.351852 0.914021 0.361111 0.887566 0.347884 0.861111 0.314815 0.847884 0.277778 0.863757 0.264550 0.899471 0.304233 0.937831
0 0.472222 0.740741 0.527778 0.759259 0.563492 0.757937 0.580688 0.731481 0.580688 0.686508 0.555556 0.648148 0.525132 0.620370 0.458995 0.648148 0.476190 0.711640
0 0.734127 0.726191 0.769841 0.719577 0.781746 0.702381 0.804233 0.695767 0.800265 0.665344 0.780423 0.649471 0.752645 0.625661 0.722222 0.628307 0.701058 0.665344 0.722222 0.705026
0 0.441799 0.595238 0.468254 0.574074 0.505291 0.596561 0.529101 0.592593 0.529101 0.544974 0.533069 0.505291 0.544974 0.472222 0.509259 0.452381 0.513228 0.395503 0.452381 0.403439 0.423280 0.449735 0.411376 0.489418 0.453704 0.519841 0.420635 0.538360 0.437831 0.546296
0 0.492063 0.997355 0.507936 0.982804 0.535714 0.996032
0 0.601852 0.248677 0.658730 0.171958 0.673280 0.120370 0.665344 0.091270 0.613757 0.092593 0.560847 0.101852 0.544974 0.134921 0.548942 0.173280
0 0.460317 0.056878 0.506614 0.111111 0.535714 0.113757 0.600529 0.085979 0.648148 0.088624 0.665344 0.078042 0.605820 0.029101 0.568783 0.006614 0.482804 0.001323 0.456349 0.023810
0 0.773809 0.469577 0.826720 0.485450 0.871693 0.458995 0.862434 0.417989 0.830688 0.370370 0.768519 0.383598 0.743386 0.411376
