0 0.111111 0.517068 0.082999 0.569277 0.127175 0.629518 0.115127 0.661647 0.169344 0.685743 0.253681 0.657631 0.287818 0.633534 0.295850 0.527108 0.283802 0.464859 0.143240 0.444779
0 0.002677 0.464859 0.048862 0.464859 0.091031 0.525100 0.082999 0.593373 0.038822 0.605422 0.002677 0.647590
0 0.173360 0.994980 0.153280 0.936747 0.177376 0.918675 0.167336 0.878514 0.119143 0.840361 0.060910 0.842369 0.034806 0.846386 0.000000 0.962851 0.000000 0.994980
0 0.669344 0.970884 0.661312 0.996988 0.440428 0.994980 0.438420 0.946787 0.468541 0.918675 0.490629 0.878514 0.574966 0.864458 0.633199 0.902610
0 0.428380 0.884538 0.400268 0.932731 0.418340 0.952811 0.468541 0.912651 0.498661 0.878514 0.452477 0.866466
0 0.295850 0.796185 0.237617 0.794177 0.223561 0.832329 0.241633 0.888554 0.273762 0.914659 0.350067 0.918675 0.420348 0.904618 0.426372 0.874498 0.372155 0.858434
0 0.707497 0.721888 0.661312 0.675703 0.697456 0.637550 0.679384 0.555221 0.597055 0.561245 0.582999 0.468875 0.516734 0.474900 0.492637 0.529116 0.448460 0.496988 0.412316 0.488956 0.390228 0.513052 0.384203 0.577309 0.340027 0.675703 0.299866 0.741968 0.277778 0.790161 0.372155 0.864458 0.432396 0.878514 0.504685 0.876506 0.611111 0.870482 0.657296 0.814257
0 0.862115 0.027108 0.846051 0.083333 0.902276 0.107430 0.922356 0.135542 0.978581 0.091365 1.000000 0.079317 1.000000 0.001004 0.876171 0.001004
0 0.825971 0.053213 0.793842 0.079317 0.773762 0.099398 0.745649 0.083333 0.723561 0.043173 0.759705 0.007028 0.761714 0.000000 0.850067 0.000000
0 0.004685 0.007028 0.070950 0.049197 0.095047 0.049197 0.133199 0.021084 0.147256 0.001004
0 0.187416 0.063253 0.153280 0.003012 0.277778 0.000000 0.285810 0.039157 0.275770 0.091365
0 0.432396 0.109438 0.364123 0.123494 0.279786 0.093373 0.279786 0.000000 0.406292 0.000000
0 0.675368 0.123494 0.603079 0.133534 0.609103 0.105422 0.615127 0.073293 0.653280 0.071285 0.701473 0.063253
0 0.558902 0.001004 0.570950 0.061245 0.609103 0.079317 0.705489 0.063253 0.757697 0.005020 0.753681 0.000000
0 0.580991 0.159639 0.538822 0.123494 0.504685 0.113454 0.488621 0.133534 0.420348 0.111446 0.402276 0.000000 0.570950 0.003012 0.574966 0.065261 0.609103 0.077309 0.601071 0.131526
