0 0.174523 0.048527 0.120797 0.133449 0.176257 0.159445 0.238648 0.129983 0.262912 0.102253
0 0.271577 0.067591 0.349567 0.022530 0.380763 0.072790 0.385962 0.116118 0.344367 0.123050 0.307972 0.157712
0 0.415425 0.077990 0.462218 0.067591 0.463951 0.117851 0.457019 0.142114 0.411958 0.128250
0 0.536742 0.123050 0.592201 0.119584 0.597400 0.173310 0.550607 0.211438 0.517678 0.183709
0 0.658059 0.303293 0.708319 0.324090 0.710052 0.358752 0.697920 0.381283 0.675390 0.379549 0.633796 0.376083 0.619931 0.344887
0 0.533276 0.337955 0.564471 0.311958 0.593934 0.343154 0.602600 0.386482 0.557539 0.421144 0.502080 0.396880
0 0.236915 0.221837 0.276776 0.178510 0.311439 0.266898 0.221317 0.317158 0.148527 0.254766 0.179723 0.188908 0.212652 0.187175
0 0.649393 0.538995 0.706586 0.571924 0.722184 0.622184 0.737782 0.656846 0.699653 0.681109 0.701386 0.734835 0.635529 0.707106 0.604333 0.660312
0 0.810572 0.005199 0.883362 0.088388 0.976950 0.064125 0.992548 0.003466
0 0.964818 0.083189 0.850433 0.149047 0.904159 0.213172 0.994281 0.187175
0 0.638995 0.012132 0.692721 0.102253 0.751646 0.083189 0.793241 0.084922 0.829636 0.107452 0.855633 0.060659 0.814038 0.005199
0 0.467418 0.010399 0.483016 0.071057 0.583536 0.112652 0.626863 0.041594 0.630329 0.000000
0 0.439688 0.178510 0.474350 0.155979 0.502080 0.171577 0.483016 0.259965 0.429289 0.266898 0.398094 0.233969
0 0.356499 0.464471 0.420624 0.512998 0.481283 0.573657 0.446620 0.599653 0.474350 0.736569 0.405026 0.701906 0.314905 0.729636 0.275043 0.708839 0.254246 0.563258
0 0.699653 0.396880 0.715251 0.440208 0.637262 0.535529 0.576603 0.478336 0.590468 0.419411
0 0.401560 0.473137 0.502080 0.441941 0.599133 0.511265 0.561005 0.566724 0.509012 0.642981 0.460485 0.639515
0 0.311439 0.303293 0.347834 0.369151 0.363432 0.400347 0.363432 0.452340 0.295841 0.492201 0.250780 0.464471 0.231716 0.415945 0.226516 0.358752 0.276776 0.339688
0 0.730849 0.414211 0.777643 0.422877 0.772444 0.462738 0.753380 0.514731 0.682322 0.497400
0 0.834835 0.178510 0.772444 0.289428 0.791508 0.374350 0.904159 0.391681 0.966551 0.386482 0.978683 0.324090
0 0.666725 0.230503 0.692721 0.206239 0.715251 0.272097 0.673657 0.282496
0 0.616464 0.254766 0.661525 0.275563 0.640728 0.301560 0.612998 0.322357 0.588735 0.299827
0 0.380763 0.287695 0.524610 0.284229 0.538475 0.322357 0.496880 0.391681 0.476083 0.429809 0.453553 0.398614 0.398094 0.346620
0 0.866031 0.594454 0.911092 0.616984 0.904159 0.663778 0.855633 0.655113 0.815771 0.636048
0 0.550607 0.632582 0.606066 0.684575 0.635529 0.740035 0.484749 0.755633
0 0.730849 0.570191 0.775910 0.561525 0.791508 0.592721 0.777643 0.616984 0.781109 0.639515 0.744714 0.642981
0 0.181456 0.615251 0.243848 0.637782 0.257712 0.707106 0.245581 0.743501 0.231716 0.726170 0.151993 0.757366 0.134662 0.679376
0 0.041075 0.660312 0.063605 0.663778 0.072270 0.698440 0.044541 0.712305 0.023744 0.693241
0 0.928423 0.767764 0.872964 0.831889 0.890295 0.890815 0.935355 0.850953 0.983882 0.805893 0.968284 0.762565
0 0.945754 0.436742 0.976950 0.448873 0.989082 0.435009 1.000000 0.473137 0.921490 0.504333 0.921490 0.483536
0 0.216118 0.920277 0.236915 0.935875 0.238648 0.954939 0.202253 0.982669 0.190121 0.961872
