0 0.673979 0.511346 0.687595 0.531014 0.683056 0.553706 0.714826 0.590015 0.726929 0.602118 0.749622 0.600605 0.779879 0.618759 0.799546 0.603631 0.822239 0.586989 0.822239 0.546142 0.844932 0.535552 0.820726 0.512859 0.788956 0.484115 0.773827 0.459909 0.716339 0.493192 0.708775 0.468986
0 0.881241 0.004539 0.822239 0.040847 0.787443 0.087746 0.822239 0.111952 0.854009 0.149773 0.882753 0.166415 0.923601 0.155825 0.953858 0.181543 0.987141 0.157337 0.985628 0.116490 0.953858 0.069592 0.920575 0.028744
0 0.931165 0.004539 0.931165 0.031770 0.975038 0.077156 0.996218 0.114977 0.996218 0.001513
0 0.690620 0.004539 0.680030 0.036309 0.720877 0.068079 0.681543 0.084720 0.660363 0.107413 0.677005 0.131619 0.649773 0.137670 0.627080 0.121029 0.590772 0.122542 0.571104 0.139183 0.548411 0.148260 0.537821 0.107413 0.515129 0.089259 0.478820 0.107413 0.469743 0.080182 0.419818 0.090772 0.401664 0.086233 0.378971 0.086233 0.375946 0.114977 0.353253 0.119516 0.338124 0.089259 0.322995 0.054463 0.378971 0.048411 0.375946 0.006051 0.383510 0.003026
0 0.381997 0.322239 0.403177 0.329803 0.403177 0.366112 0.386536 0.381241 0.395613 0.413011 0.431921 0.409985 0.433434 0.388805 0.457640 0.364599 0.463691 0.337368 0.433434 0.332829 0.421331 0.298033 0.394100 0.305598
0 0.893343 0.789713 0.914523 0.827534 0.878215 0.880484 0.919062 0.927383 0.934191 0.916793 0.959909 0.919818 0.987141 0.906203 0.996218 0.892587 0.965961 0.872920 0.979576 0.824508 0.968986 0.812405 0.982602 0.780635 0.938729 0.770045 0.920575 0.794251
0 0.247352 0.788200 0.303328 0.786687 0.315431 0.715582 0.288200 0.712557 0.276097 0.717095 0.265507 0.691377 0.212557 0.689864 0.168684 0.671710 0.162632 0.709531 0.159607 0.748865 0.173222 0.771558 0.215582 0.789713
0 0.326021 0.698941 0.366868 0.708018 0.380484 0.655068 0.375946 0.600605 0.357791 0.564296 0.313918 0.550681 0.283661 0.532526 0.256430 0.564296 0.250378 0.538578 0.197428 0.579425 0.204992 0.596067 0.150529 0.620272 0.152042 0.659607 0.182300 0.655068 0.206505 0.677761 0.267020 0.685325 0.274584 0.700454 0.307867 0.709531
0 0.410741 0.620272 0.381997 0.629349 0.388048 0.647504 0.406203 0.652042 0.430408 0.641452 0.431921 0.627837
0 0.188351 0.878971 0.230711 0.877458 0.224660 0.842663 0.220121 0.804841 0.136914 0.807867 0.123298 0.850227 0.094554 0.877458 0.083964 0.895613 0.094554 0.924357 0.144478 0.927383 0.156581 0.903177
0 0.006808 0.054463 0.061271 0.075643 0.114221 0.083207 0.139939 0.051437 0.138427 0.019667 0.161120 0.010590 0.158094 0.001513 0.005295 0.000000
0 0.755673 0.413011 0.746596 0.443268 0.778366 0.458396 0.805598 0.470499 0.844932 0.456884 0.841906 0.425113 0.805598 0.402421 0.782905 0.387292 0.784418 0.425113
0 0.094554 0.806354 0.174735 0.794251 0.153555 0.754917 0.115734 0.738275 0.099092 0.760968 0.067322 0.780635 0.086989 0.803328 0.111195 0.809380
0 0.239788 0.090772 0.245840 0.137670 0.289713 0.127080 0.324508 0.113464 0.313918 0.084720 0.273071 0.060514 0.260968 0.066566
0 0.003782 0.783661 0.017398 0.765507 0.031014 0.777610 0.035552 0.754917 0.043116 0.762481 0.044629 0.729198 0.024962 0.732224 0.003782 0.733737
