0 0.997990 0.099722 0.974799 0.095083 0.954700 0.097403 0.943105 0.117502 0.933055 0.129870 0.917594 0.143012 0.914502 0.174706 0.902907 0.185529 0.880489 0.204082 0.861936 0.212585 0.844156 0.223408 0.823284 0.235776 0.815553 0.255102 0.826376 0.274428 0.836425 0.292981 0.841064 0.314626 0.851113 0.340136 0.862709 0.366419 0.882035 0.387291 0.905999 0.406617 0.936920 0.422078 0.961657 0.422078 0.979437 0.421305 0.986395 0.404298 0.975572 0.383426 0.971707 0.364100 0.970161 0.340136 0.970934 0.326994 0.968615 0.322356 0.991806 0.328541 0.999536 0.324675 1.000000 0.321583
0 0.701144 0.000773 0.704236 0.012369 0.732839 0.017007 0.753711 0.013915 0.752938 0.027056 0.762214 0.055659 0.772263 0.091991 0.776902 0.116729 0.819419 0.104360 0.819419 0.095857 0.831787 0.089672 0.835652 0.115955 0.851886 0.125232 0.875077 0.122140 0.882808 0.116729 0.889765 0.108998 0.912183 0.109771 0.919140 0.081169 0.940012 0.061843 0.936920 0.045609 0.966296 0.027056 0.969388 0.002319 0.953154 0.000000
0 0.372604 0.306122 0.261286 0.305349 0.248918 0.345547 0.242733 0.357143 0.251237 0.401979 0.273655 0.414348 0.290662 0.429808 0.300711 0.449907 0.336271 0.455318 0.397341 0.449907 0.436766 0.445269 0.442177 0.426716 0.436766 0.382653 0.409709 0.328541 0.372604 0.314626 0.378788 0.308442
0 0.181664 0.379561 0.159246 0.388064 0.146877 0.398114 0.112863 0.397341 0.108225 0.405071 0.095083 0.430581 0.079623 0.439085 0.064935 0.456092 0.051020 0.466914 0.046382 0.488559 0.037879 0.491651 0.061843 0.517161 0.061070 0.534941 0.051793 0.550402 0.054886 0.571274 0.064935 0.582097 0.085034 0.608380 0.105906 0.614564 0.156926 0.636982 0.183210 0.619975 0.190167 0.598330 0.199443 0.582870 0.212585 0.568182 0.213358 0.559678 0.226500 0.558905 0.252010 0.562771 0.282931 0.556586 0.293754 0.533395 0.283704 0.504020 0.294527 0.485467 0.284477 0.479283 0.253556 0.472325 0.237322 0.468460 0.243507 0.456092 0.262832 0.442950 0.248145 0.429035 0.246599 0.413575 0.231138 0.420532 0.208720 0.405844 0.217223 0.397341 0.207174 0.393476 0.197897 0.402752 0.195578 0.395795 0.188621 0.381880
0 0.126778 0.684137 0.129870 0.704236 0.122913 0.711967 0.115182 0.726654 0.109771 0.723562 0.102041 0.718151 0.091991 0.729746 0.077304 0.734385 0.061843 0.744434 0.033241 0.739796 0.023191 0.734385 0.010823 0.744434 0.000000 0.731293 0.001546 0.566636 0.031694 0.554267 0.042517 0.548083 0.051020 0.566636 0.085807 0.613018 0.115955 0.629252 0.130643 0.648578 0.126005 0.667903 0.119048 0.680272 0.126005 0.689549
0 0.153061 0.892857 0.136827 0.911410 0.113636 0.919140 0.099722 0.933828 0.120594 0.967842 0.131416 0.975572 0.160019 0.980210 0.170068 0.990260 0.176252 0.997217 0.177025 1.000000 0.331633 0.999536 0.333179 0.967842 0.345547 0.950062 0.352505 0.935374 0.354051 0.919140 0.337817 0.929190 0.320810 0.931509 0.307669 0.919140 0.295300 0.906772 0.279066 0.894403 0.262832 0.879716 0.254329 0.870439 0.235776 0.877396 0.217996 0.880489 0.202536 0.868120 0.190167 0.870439 0.170841 0.880489 0.158472 0.885127
0 0.097403 0.752938 0.108225 0.745980 0.121367 0.742888 0.129097 0.754484 0.126778 0.767625 0.126778 0.805504 0.123686 0.818646 0.112863 0.837198 0.114409 0.872758 0.108225 0.885900 0.087353 0.899814 0.074212 0.903680 0.061843 0.912183 0.047928 0.913729 0.037879 0.904453 0.034787 0.893630 0.019326 0.899041 0.017780 0.900587 0.009276 0.889765 0.000000 0.887446 0.000000 0.739796 0.032468 0.744434 0.048701 0.751391 0.061070 0.749072
0 0.332406 0.001546 0.346320 0.010049 0.364873 0.004638 0.371831 0.023191 0.382653 0.040198 0.394249 0.054886 0.410482 0.059524 0.427489 0.065708 0.450680 0.053340 0.460730 0.027829 0.470006 0.013915 0.476190 0.003865 0.470779 0.000000
0 0.240414 0.018553 0.229592 0.027829 0.222635 0.045609 0.217223 0.064162 0.227273 0.078850 0.234230 0.093537 0.258967 0.102041 0.277520 0.106679 0.286797 0.098949 0.309988 0.081942 0.303030 0.059524 0.306122 0.038652 0.293754 0.026283 0.282158 0.015461 0.254329 0.013142 0.233457 0.016234
0 0.477737 0.016234 0.480829 0.032468 0.485467 0.044063 0.484694 0.058751 0.503247 0.078077 0.506339 0.089672 0.510204 0.105133 0.506339 0.119821 0.496289 0.135281 0.493970 0.157699 0.483148 0.180891 0.484694 0.197897 0.485467 0.213358 0.480829 0.222635 0.481602 0.233457 0.473098 0.242733 0.464595 0.252783 0.462276 0.264378 0.469233 0.274428 0.482375 0.274428 0.507885 0.282158 0.560451 0.287570 0.596784 0.270563 0.616110 0.265925 0.630025 0.241960 0.641620 0.208720 0.646258 0.197124 0.646258 0.172387 0.657854 0.156153 0.657081 0.124459 0.664811 0.112090 0.684137 0.110544 0.704236 0.106679 0.690322 0.064935 0.684137 0.027056 0.677180 0.023191 0.653216 0.013142 0.647805 0.000000 0.616883 0.002319 0.540352 0.006957
0 0.487013 0.290662 0.482375 0.296073 0.473871 0.322356 0.483921 0.333952 0.483148 0.344001 0.476963 0.356370 0.472325 0.369511 0.469233 0.375696 0.455318 0.371058 0.433673 0.371831 0.435220 0.384199 0.444496 0.391930 0.449134 0.408163 0.447588 0.424397 0.469233 0.429808 0.480056 0.442950 0.500155 0.438312 0.524119 0.450680 0.526438 0.467687 0.557359 0.481602 0.569728 0.490878 0.588281 0.498609 0.598330 0.506339 0.613791 0.507112 0.636209 0.504020 0.651670 0.501701 0.667903 0.479283 0.677953 0.460730 0.696506 0.436766 0.708101 0.409709 0.711194 0.397341 0.711194 0.374150 0.711967 0.363327 0.700371 0.313080 0.687229 0.286023 0.658627 0.282158 0.641620 0.281385 0.599103 0.271336 0.583643 0.282158 0.567409 0.287570 0.547310 0.298392 0.510977 0.281385
0 0.711967 0.044063 0.738250 0.044063 0.749072 0.058751 0.752938 0.074985 0.766079 0.109771 0.765306 0.140693 0.764533 0.165430 0.766079 0.184756 0.759895 0.213358 0.751391 0.237322 0.748299 0.260513 0.746753 0.278293 0.735931 0.295300 0.740569 0.309988 0.744434 0.335498 0.738250 0.363327 0.728200 0.384199 0.717378 0.386518 0.696506 0.294527 0.693414 0.282931 0.664811 0.282158 0.634663 0.275201 0.616883 0.272882 0.612245 0.262059 0.648578 0.193259 0.650897 0.177025 0.648578 0.163111 0.660946 0.158472 0.660173 0.143012 0.657081 0.120594 0.676407 0.116729 0.704236 0.106679 0.697279 0.061070 0.698052 0.046382
0 0.778448 0.396568 0.765306 0.407390 0.739023 0.411255 0.739023 0.436766 0.745207 0.457638 0.742115 0.482375 0.754484 0.492424 0.761441 0.487786 0.786178 0.470006 0.796228 0.446042 0.789270 0.425170 0.783086 0.405844
0 0.915275 0.529530 0.895176 0.526438 0.875077 0.528757 0.848021 0.547310 0.823284 0.565090 0.791589 0.567409 0.791589 0.590600 0.825603 0.620748 0.849567 0.642393 0.875850 0.656308 0.900587 0.643939 0.922233 0.628479 0.935374 0.614564 0.940012 0.583643 0.933055 0.565090 0.918367 0.525665
0 0.918367 0.688776 0.895949 0.686456 0.885900 0.665584 0.872758 0.667130 0.867347 0.684910 0.853432 0.691868 0.855751 0.705782 0.859617 0.718151 0.852659 0.739023 0.863482 0.759122 0.873531 0.783086 0.873531 0.803185 0.900587 0.810915 0.930736 0.809369 0.950835 0.792362 0.950835 0.763760 0.943105 0.722789 0.943105 0.710421 0.933055 0.688776 0.923006 0.688776
0 0.460730 0.451453 0.430581 0.460730 0.408163 0.453772 0.388064 0.450680 0.364873 0.455318 0.338590 0.468460 0.331633 0.482375 0.375696 0.517934 0.377242 0.524892 0.391930 0.531849 0.420532 0.527211 0.427489 0.526438 0.439858 0.551175 0.440631 0.568955 0.463822 0.584416 0.459957 0.610699 0.495516 0.618429 0.511750 0.541126 0.514842 0.511750 0.517161 0.476963 0.514069 0.465368 0.471552 0.453772 0.455318 0.454545
0 0.316172 0.502474 0.306895 0.513296 0.303030 0.531076 0.295300 0.543445 0.283704 0.562771 0.275974 0.568955 0.251237 0.567409 0.224181 0.563544 0.212585 0.573593 0.223408 0.592146 0.235003 0.601422 0.250464 0.613018 0.246599 0.634663 0.243507 0.652443 0.246599 0.673315 0.258967 0.693414 0.286023 0.713513 0.305349 0.725881 0.318491 0.730519 0.333179 0.731293 0.388064 0.743661 0.405071 0.746753 0.453772 0.746753 0.481602 0.738250 0.498609 0.741342 0.507112 0.734385 0.516388 0.719697 0.519481 0.695733 0.466914 0.674088 0.456092 0.657854 0.463049 0.647032 0.473871 0.624613 0.463049 0.617656 0.435220 0.594465 0.459957 0.586735 0.440631 0.563544 0.435220 0.544218 0.433673 0.528757 0.423624 0.529530 0.388064 0.529530 0.351732 0.518707 0.322356 0.501701
0 0.621521 0.529530 0.634663 0.551948 0.638528 0.558905 0.643166 0.579004 0.634663 0.595238 0.625387 0.616110 0.615337 0.615337 0.609926 0.608380 0.601422 0.616110 0.585189 0.635436 0.568955 0.650124 0.549629 0.646258 0.546537 0.649351 0.522573 0.667903 0.500155 0.675634 0.481602 0.675634 0.466141 0.660946 0.475417 0.635436 0.479283 0.625387 0.476963 0.618429 0.495516 0.619975 0.514842 0.610699 0.513296 0.564317 0.517161 0.500155 0.518707 0.485467 0.520254 0.471552 0.534168 0.475417 0.599876 0.511750
0 0.203309 0.606834 0.217223 0.614564 0.226500 0.626933 0.231911 0.643166 0.241187 0.655535 0.242733 0.677180 0.255102 0.705782 0.269017 0.715832 0.292208 0.729746 0.299165 0.739023 0.279839 0.765306 0.243507 0.809369 0.231911 0.843383 0.228819 0.861936 0.214131 0.873531 0.190167 0.861936 0.176252 0.851113 0.161565 0.841837 0.141466 0.837972 0.131416 0.816327 0.128324 0.793135 0.132962 0.768398 0.129097 0.752164 0.128324 0.741342 0.115182 0.728973 0.131416 0.708101 0.132189 0.682591 0.129870 0.666357 0.142239 0.648578 0.155380 0.638528 0.182437 0.619202
0 0.507112 0.755257 0.497062 0.766079 0.491651 0.773036 0.475417 0.781540 0.466141 0.798547 0.466914 0.803185 0.467687 0.818646 0.456092 0.831787 0.442950 0.834879 0.437539 0.848794 0.417440 0.860390 0.415894 0.875077 0.422078 0.892857 0.394249 0.892084 0.384199 0.914502 0.365646 0.942331 0.356370 0.933055 0.352505 0.915275 0.311534 0.926098 0.299938 0.891311 0.269017 0.875850 0.258967 0.871212 0.254329 0.868893 0.238868 0.861163 0.238095 0.840291 0.254329 0.811688 0.269790 0.782313 0.286797 0.755257 0.303803 0.739796 0.314626 0.735931 0.346320 0.751391 0.401979 0.754484 0.429035 0.753711 0.449907 0.750618 0.487013 0.745207
0 0.103587 0.172387 0.115955 0.149969 0.122913 0.131416 0.127551 0.114409 0.119048 0.103587 0.101268 0.097403 0.090445 0.122140 0.080396 0.135281 0.061843 0.143785 0.038652 0.157699 0.046382 0.181664 0.078850 0.178571
