0 0.557489 0.754917 0.587746 0.698941 0.566566 0.658094 0.516641 0.630862 0.442511 0.689864 0.478820 0.714070 0.527231 0.739788 0.540847 0.773071 0.569592 0.754917 0.565053 0.757942
0 0.790469 0.706505 0.776853 0.647504 0.788956 0.609682 0.734493 0.600605 0.687595 0.641452 0.669440 0.683812 0.636157 0.720121 0.642209 0.753404 0.677005 0.786687 0.719365 0.763994 0.752648 0.768533 0.748109 0.735250 0.778366 0.742814 0.761725 0.714070 0.798033 0.704992
0 0.082451 0.042360 0.123298 0.048411 0.144478 0.024206 0.159607 0.063540 0.211044 0.124054 0.183812 0.160363 0.158094 0.151286 0.147504 0.131619 0.109682 0.148260 0.097579 0.118003 0.064297 0.130106 0.058245 0.089259 0.061271 0.068079
0 0.000756 0.122542 0.046142 0.121029 0.058245 0.092284 0.070348 0.036309 0.053707 0.018154 0.005295 0.030257
0 0.003782 0.137670 0.015885 0.164902 0.052194 0.178517 0.100605 0.154312 0.099092 0.127080 0.056732 0.134644 0.011346 0.128593
0 0.436460 0.075643 0.347201 0.080182 0.341150 0.133132 0.330560 0.172466 0.381997 0.208775 0.436460 0.216339 0.478820 0.207262 0.465204 0.195159 0.531770 0.207262 0.577156 0.181543 0.593797 0.137670 0.562027 0.099849 0.506051 0.101362 0.496974 0.065053 0.468230 0.092284
0 0.329047 0.118003 0.306354 0.133132 0.289713 0.105900 0.260968 0.052950 0.279123 0.036309 0.324508 0.033283 0.353253 0.057489 0.335098 0.096823
0 0.456127 0.602118 0.500000 0.583964 0.478820 0.531014 0.444024 0.506808 0.395613 0.518911 0.392587 0.564296 0.415280 0.594554
0 0.413767 0.903177 0.444024 0.980333 0.401664 1.000000 0.354766 1.000000 0.368381 0.939486 0.368381 0.891074
0 0.096067 0.706505 0.097579 0.671710 0.106657 0.655068 0.090015 0.642965 0.068835 0.626324 0.035552 0.674735 0.065809 0.708018
0 0.648260 0.338880 0.745083 0.354009 0.855522 0.323752 0.884266 0.288956 0.884266 0.242058 0.864599 0.189107 0.869138 0.143722 0.837368 0.101362 0.791982 0.086233 0.717852 0.090772 0.655825 0.125567 0.661876 0.161876 0.643722 0.199697 0.667927 0.231467 0.661876 0.273828 0.572617 0.295008
0 0.814675 0.004539 0.864599 0.036309 0.841906 0.083207 0.869138 0.128593 0.897882 0.146747 0.943268 0.163389 0.987141 0.180030 0.997731 0.146747 1.000000 0.006051
0 0.673979 0.366112 0.622542 0.390318 0.628593 0.426626 0.666415 0.515885 0.729955 0.455371 0.787443 0.478064 0.849470 0.481089 0.917549 0.491679 0.947806 0.482602 0.947806 0.446293 0.994705 0.465961 1.000000 0.416036 0.987141 0.378215 0.932678 0.382753 0.908472 0.344932 0.879728 0.358548 0.867625 0.332829 0.769289 0.350983 0.737519 0.378215 0.716339 0.375189 0.684569 0.367625
0 0.713313 0.062027 0.781392 0.043873 0.760212 0.025719 0.748109 0.000000 0.608926 0.000000 0.581694 0.040847 0.610439 0.060514 0.577156 0.068079 0.574130 0.098336 0.610439 0.140696 0.657337 0.121029 0.652799 0.081694 0.658850 0.057489
0 0.509077 0.409985 0.537821 0.370651 0.493949 0.352496 0.462179 0.385779 0.484871 0.414523
0 0.044629 0.266263 0.059758 0.232980 0.031014 0.216339 0.000756 0.237519 0.027988 0.273828
0 0.071861 0.382753 0.070348 0.357035 0.097579 0.355522 0.102118 0.379728 0.094554 0.394856
0 0.743570 0.839637 0.778366 0.803328 0.740545 0.782148 0.701210 0.783661 0.666415 0.803328 0.696672 0.844175
0 0.882753 0.155825 0.873676 0.196672 0.891831 0.243570 0.891831 0.275340 0.870651 0.325265 0.888805 0.349470 0.920575 0.337368 0.940242 0.376702 0.988654 0.372163 0.997731 0.357035 1.000000 0.240545 0.976551 0.187595 0.926626 0.163389
