0 0.151993 0.077990 0.096534 0.102253 0.086135 0.147314 0.001213 0.147314 0.002946 0.005199 0.122530 0.001733
0 0.561005 0.178510 0.606066 0.192374 0.623397 0.246101 0.561005 0.311958 0.515945 0.296360
0 0.247314 0.272097 0.294107 0.308492 0.294107 0.377816 0.238648 0.438475 0.176257 0.440208 0.127730 0.400347
0 0.141594 0.168111 0.229983 0.185442 0.207452 0.279029 0.120797 0.360485 0.022010 0.310225
0 0.886828 0.400347 0.978683 0.398614 0.983882 0.454073 0.930156 0.485269
0 0.911092 0.842288 1.000000 0.899480 0.954419 1.000000 0.869497 0.953206
0 0.699653 0.838821 0.864298 0.857886 0.857366 1.000000 0.711785 0.996534
0 0.786309 0.606586 0.872964 0.644714 0.744714 0.812825 0.689255 0.776430
0 0.394627 0.772964 0.467418 0.824957 0.443154 0.925477 0.384229 0.920277 0.344367 0.844021
0 0.141594 0.552860 0.179723 0.566724 0.148527 0.646447 0.077470 0.623917
0 0.323570 0.419411 0.410225 0.405546 0.363432 0.545927 0.276776 0.525130
0 0.370364 0.128250 0.444887 0.128250 0.446620 0.201040 0.424090 0.254766 0.444887 0.317158 0.372097 0.386482 0.294107 0.275563 0.275043 0.171577 0.320104 0.129983
0 0.330503 0.029463 0.411958 0.034662 0.444887 0.109185 0.347834 0.121317 0.297574 0.086655
0 0.597400 0.939341 0.675390 0.960139 0.677123 0.993068 0.576603 0.994801 0.559272 0.954939
0 0.039341 0.660312 0.093068 0.672444 0.093068 0.729636 0.072270 0.752166 0.020277 0.714038
0 0.009879 0.753899 0.079203 0.771231 0.074003 0.826690 0.032409 0.870017 0.004679 0.856153
0 0.483016 0.644714 0.559272 0.670711 0.564471 0.731369 0.451820 0.805893 0.396361 0.712305
0 0.566205 0.857886 0.612998 0.850953 0.618198 0.885615 0.592201 0.925477 0.536742 0.909879
0 0.216118 0.537262 0.321837 0.552860 0.311439 0.639515 0.285442 0.648180 0.297574 0.698440 0.249047 0.736569 0.207452 0.729636 0.164125 0.733102 0.106932 0.726170 0.110399 0.689775 0.141594 0.686308
0 0.852166 0.443674 0.912825 0.471404 0.848700 0.523397
0 0.715251 0.289428 0.751646 0.332756 0.727383 0.391681 0.682322 0.407279 0.647660 0.362218
0 0.380763 0.948007 0.418891 0.960139 0.403293 0.996534 0.351300 0.989601
0 0.191854 0.916811 0.210919 0.946274 0.191854 0.991334 0.139861 0.970537
0 0.079203 0.885615 0.106932 0.878683 0.119064 0.923744 0.108666 0.961872 0.125997 0.994801 0.049740 0.994801 0.030676 0.934142
0 0.205719 0.779896 0.235182 0.797227 0.169324 0.847487 0.138128 0.816291
0 0.285442 0.861352 0.335702 0.871750 0.347834 0.932409 0.307972 0.956672 0.245581 0.939341 0.247314 0.899480
0 0.907626 0.675910 0.973484 0.707106 0.919757 0.772964 0.876430 0.785095 0.845234 0.736569
0 0.606066 0.467938 0.654593 0.459272 0.706586 0.514731 0.763778 0.535529 0.737782 0.616984 0.703120 0.658579 0.703120 0.688042 0.689255 0.693241 0.654593 0.733102 0.599133 0.752166 0.554073 0.629116
0 0.767244 0.403813 0.827903 0.407279 0.815771 0.492201 0.777643 0.528596 0.682322 0.462738
0 0.127730 0.443674 0.249047 0.459272 0.176257 0.538995 0.086135 0.533795 0.129463 0.452340
0 0.980416 0.733102 1.000000 0.759099 0.980416 0.811092 0.952686 0.850953 0.909359 0.816291
0 0.481283 0.948007 0.510745 0.927210 0.531542 0.961872 0.535009 0.996534 0.463951 0.994801
0 0.190121 0.850953 0.228250 0.845754 0.231716 0.880416 0.183189 0.902946 0.131196 0.909879 0.134662 0.889081
0 0.105199 0.818024 0.151993 0.835355 0.145061 0.861352 0.094801 0.873484
0 0.931889 0.566724 0.994281 0.521664 0.997747 0.655113 0.937088 0.682842
0 0.827903 0.551127 0.893761 0.516464 0.900693 0.551127 0.921490 0.582322 0.876430 0.636048
0 0.065338 0.495667 0.079203 0.507799 0.049740 0.559792 0.037608 0.549393
0 0.495147 0.467938 0.533276 0.518198 0.502080 0.620451 0.406759 0.542461
0 0.432756 0.421144 0.460485 0.441941 0.448354 0.497400 0.394627 0.538995 0.375563 0.532062
