0 0.208560 0.044747 0.171595 0.073930 0.175486 0.103113 0.226070 0.134241 0.270817 0.095331 0.249416 0.070039
0 0.745525 0.169261 0.794163 0.182879 0.798055 0.223735 0.747471 0.247082 0.718288 0.208171
0 0.817510 0.050584 0.850584 0.107004 0.813619 0.143969 0.772763 0.124514 0.761090 0.093385
0 0.918677 0.336576 0.965370 0.346303 0.975097 0.379377 0.969261 0.414397 0.908949 0.435798 0.877821 0.400778 0.873930 0.371595 0.883658 0.354086
0 0.889494 0.464981 0.961479 0.496109 0.994553 0.556420 0.969261 0.607004 0.924514 0.651751 0.842802 0.642023 0.801946 0.630350 0.782490 0.589494 0.786381 0.525292 0.835019 0.470817
0 0.873930 0.667315 0.844747 0.659533 0.838911 0.692607 0.846693 0.727626 0.897276 0.735409 0.903113 0.696498
0 0.336965 0.466926 0.321401 0.498054 0.313619 0.540856 0.344747 0.570039 0.383658 0.560311 0.434241 0.538911 0.418677 0.515564 0.393385 0.474708
0 0.436187 0.435798 0.482879 0.437743 0.494553 0.470817 0.500389 0.500000 0.475097 0.511673 0.447860 0.511673 0.416732 0.500000 0.403113 0.470817
0 0.200778 0.892996 0.241634 0.873541 0.286381 0.873541 0.329183 0.879377 0.387549 0.910506 0.401167 0.947471 0.414786 0.994163 0.187160 1.000000 0.154086 0.939689
0 0.751362 0.700389 0.729961 0.715953 0.718288 0.754864 0.743580 0.770428 0.780545 0.793774 0.813619 0.739300 0.809728 0.723735
0 0.646304 0.714008 0.696887 0.717899 0.714397 0.745136 0.706615 0.776265 0.681323 0.805447 0.622957 0.784047 0.624903 0.749027
0 0.996498 0.856031 0.998444 0.994163 0.973152 0.992218 0.961479 0.966926 0.969261 0.931907 0.978988 0.910506 0.978988 0.896887
0 0.998444 0.682879 0.996498 0.620623 0.975097 0.612840 0.957588 0.630350 0.959533 0.647860 0.936187 0.657588 0.949805 0.682879 0.969261 0.710117
