0 0.693122 0.522487 0.740741 0.534392 0.765873 0.510582 0.765873 0.470899 0.743386 0.437831 0.715608 0.461640 0.697090 0.488095
0 0.683862 0.694444 0.693122 0.731481 0.722222 0.744709 0.751323 0.761905 0.825397 0.760582 0.857143 0.726191 0.855820 0.675926 0.818783 0.626984 0.776455 0.609788 0.742063 0.632275 0.726191 0.641534 0.708995 0.670635
0 0.763228 0.776455 0.747355 0.821429 0.761905 0.871693 0.812169 0.874339 0.871693 0.861111 0.874339 0.816138 0.849206 0.760582
0 0.891534 0.447090 0.928571 0.485450 0.980159 0.521164 1.000000 0.530423 1.000000 0.309524 0.949735 0.305556 0.906085 0.343915 0.904762 0.382275 0.887566 0.412698
0 0.993386 0.283069 0.949735 0.280423 0.910053 0.215608 0.915344 0.169312 0.988095 0.161376
0 0.839947 0.177249 0.898148 0.154762 0.921958 0.067460 0.943122 0.005291 0.640212 0.005291 0.677249 0.058201 0.724868 0.089947 0.773809 0.120370 0.814815 0.160053 0.846561 0.181217 0.847884 0.179894
0 0.964286 0.006614 1.000000 0.003968 1.000000 0.093915 0.957672 0.087302 0.929894 0.079365 0.940476 0.015873
0 0.929894 0.092593 0.906085 0.136243 0.919312 0.161376 1.000000 0.164021 0.998677 0.100529
0 0.469577 0.042328 0.494709 0.078042 0.531746 0.121693 0.568783 0.115079 0.637566 0.087302 0.654762 0.050265 0.630952 0.006614 0.612434 0.002646 0.496032 0.006614
0 0.392857 0.730159 0.407407 0.767196 0.458995 0.742063 0.482804 0.727513 0.431217 0.705026
0 0.320106 0.558201 0.346561 0.562169 0.369048 0.550265 0.387566 0.509259 0.353175 0.478836 0.312169 0.476190 0.281746 0.514550
0 0.297619 0.448413 0.316138 0.415344 0.293651 0.376984 0.260582 0.384921 0.248677 0.421958 0.268519 0.452381
0 0.984127 0.699735 0.941799 0.693122 0.932540 0.657407 0.948413 0.612434 0.985450 0.593915 0.997355 0.589947 0.993386 0.694444
0 0.002646 0.490741 0.023810 0.452381 0.064815 0.435185 0.064815 0.358466 0.058201 0.296296 0.022487 0.273810 0.003968 0.268519
0 0.870370 0.699735 0.903439 0.707672 0.921958 0.670635 0.900794 0.634921 0.875661 0.634921 0.858466 0.671958
