0 0.313333 0.364815 0.315185 0.348148 0.317037 0.348148 0.326296 0.342593 0.335556 0.342593 0.350370 0.348148 0.359630 0.355556 0.365185 0.362963 0.365185 0.370370 0.359630 0.398148 0.359630 0.400000 0.339259 0.400000 0.326296 0.400000 0.309630 0.400000 0.307778 0.390741 0.304074 0.379630 0.304074 0.372222 0.304074 0.372222
0 0.031852 0.229630 0.054074 0.240741 0.055926 0.246296 0.048518 0.251852 0.050370 0.255556 0.059630 0.262963 0.059630 0.266667 0.055926 0.274074 0.041111 0.279630 0.037407 0.279630 0.020741 0.279630 0.007778 0.274074 0.005926 0.257407 0.007778 0.244444 0.011481 0.237037 0.011481 0.233333 0.017037 0.229630 0.022593 0.222222
0 0.159630 0.044444 0.139259 0.068519 0.130000 0.077778 0.122593 0.075926 0.115185 0.072222 0.092963 0.066667 0.089259 0.074074 0.092963 0.088889 0.092963 0.098148 0.092963 0.111111 0.087407 0.137037 0.085556 0.138889 0.085556 0.135185 0.085556 0.114815 0.083704 0.111111 0.081852 0.107407 0.083704 0.087037 0.081852 0.081481 0.078148 0.077778 0.078148 0.074074 0.076296 0.074074 0.063333 0.074074 0.048518 0.083333 0.041111 0.090741 0.031852 0.090741 0.024444 0.090741 0.002222 0.092593 0.004074 0.074074 0.004074 0.053704 0.009630 0.037037 0.007778 0.020370 0.007778 0.014815 0.013333 0.003704 0.026296 0.000000 0.030000 0.000000 0.033704 0.003704 0.044815 0.007407 0.050370 0.007407 0.059630 0.014815 0.059630 0.027778 0.057778 0.035185 0.061481 0.044444 0.076296 0.038889 0.092963 0.035185 0.100370 0.035185 0.120741 0.031481 0.126296 0.031481 0.131852 0.033333 0.141111 0.037037 0.144815 0.037037
0 0.572593 0.607407 0.578148 0.627778 0.580000 0.640741 0.587407 0.653704 0.598518 0.659259 0.611481 0.662963 0.622593 0.670370 0.639259 0.681481 0.648519 0.703704 0.648519 0.725926 0.646667 0.733333 0.617037 0.774074 0.618889 0.777778 0.583704 0.772222 0.581852 0.775926 0.567037 0.777778 0.544815 0.768519 0.528148 0.748148 0.515185 0.725926 0.502222 0.709259 0.485555 0.694444 0.478148 0.690741 0.470741 0.668518 0.478148 0.648148 0.485555 0.637037 0.498518 0.627778 0.505926 0.620370 0.515185 0.614815 0.520741 0.611111 0.548518 0.600000 0.555926 0.600000 0.561481 0.600000
0 0.500370 0.501852 0.509630 0.511111 0.517037 0.520370 0.524444 0.531482 0.533704 0.533333 0.567037 0.511111 0.570741 0.505556 0.574444 0.503704 0.598518 0.496296 0.613333 0.500000 0.633704 0.481481 0.633704 0.477778 0.639259 0.451852 0.635556 0.427778 0.626296 0.418519 0.611481 0.400000 0.600370 0.383333 0.596667 0.383333 0.581852 0.375926 0.567037 0.374074 0.559630 0.374074 0.539259 0.394444 0.537407 0.400000 0.518889 0.405556 0.507778 0.425926 0.513333 0.433333 0.517037 0.442593 0.491111 0.468519 0.492963 0.474074
0 0.709630 0.322222 0.717037 0.346296 0.704074 0.372222 0.689259 0.387037 0.678148 0.375926 0.670741 0.362963 0.663333 0.348148 0.655926 0.327778 0.659630 0.325926 0.676296 0.322222 0.683704 0.322222 0.696667 0.322222
0 0.592963 0.296296 0.604074 0.303704 0.626296 0.311111 0.630000 0.312963 0.618889 0.338889 0.618889 0.346296 0.611481 0.359259 0.592963 0.362963 0.572593 0.355556 0.550370 0.344444 0.550370 0.327778 0.554074 0.316667 0.572593 0.303704
0 0.424444 0.911111 0.446667 0.925926 0.478148 0.938889 0.467037 0.959259 0.463333 0.964815 0.461481 0.987037 0.442963 0.987037 0.433704 0.987037 0.387407 0.994444 0.370741 1.000000 0.337407 0.996296 0.337407 0.987037 0.337407 0.974074 0.333704 0.972222 0.315185 0.972222 0.298518 0.970370 0.300370 0.950000 0.322593 0.933333 0.352222 0.920370 0.359630 0.916667 0.389259 0.911111 0.405926 0.911111
0 0.974444 0.622222 0.989259 0.635185 0.991111 0.648148 0.980000 0.666667 0.937407 0.677778 0.930000 0.662963 0.933704 0.648148 0.937407 0.631482 0.944815 0.616667 0.955926 0.616667 0.963333 0.616667
0 0.713333 0.451852 0.726296 0.450000 0.761481 0.451852 0.741111 0.492593 0.739259 0.494444 0.741111 0.511111 0.737407 0.511111 0.728148 0.511111 0.720741 0.509259 0.707778 0.503704 0.704074 0.492593 0.700370 0.481481 0.709630 0.466667
