0 0.602600 0.206239 0.663258 0.237435 0.685789 0.277296 0.618198 0.287695 0.585269 0.277296
0 0.928423 0.105719 0.971750 0.131716 0.987348 0.159445 0.947487 0.192374 0.898960 0.166378 0.890295 0.135182
0 0.848700 0.320624 0.867764 0.358752 0.845234 0.402080 0.808839 0.414211 0.794974 0.393414
0 0.827903 0.511265 0.888562 0.530329 0.876430 0.597920 0.803640 0.594454
0 0.680589 0.452340 0.749913 0.457539 0.736049 0.504333 0.689255 0.511265 0.661525 0.502600 0.647660 0.464471
0 0.576603 0.648180 0.616464 0.655113 0.626863 0.696707 0.606066 0.729636 0.576603 0.722704
0 0.654593 0.866551 0.635529 0.802426 0.656326 0.781629 0.692721 0.809359 0.722184 0.854419 0.699653 0.875217
0 0.905893 0.535529 0.940555 0.540728 0.952686 0.580589 0.918024 0.620451 0.888562 0.610052
0 0.200520 0.871750 0.252513 0.873484 0.276776 0.911612 0.238648 0.989601 0.165858 0.946274
0 0.051473 0.674177 0.120797 0.679376 0.148527 0.726170 0.117331 0.790295 0.063605 0.798960 0.002946 0.738302
0 0.082669 0.128250 0.119064 0.129983 0.141594 0.180243 0.100000 0.211438 0.127730 0.235702 0.106932 0.253033 0.037608 0.220104 0.051473 0.187175
0 0.002946 0.792028 0.042808 0.821490 0.004679 0.852686
