0 0.011314 0.000000 0.179197 0.000000 0.184671 0.069343 0.069708 0.138686 0.013139 0.089416 0.024088 0.040146
0 0.297810 0.242701 0.230292 0.291971 0.129927 0.293796 0.098905 0.226277 0.075182 0.180657 0.075182 0.142336 0.195620 0.063869 0.261314 0.138686 0.306934 0.246350
0 0.146350 0.315693 0.100730 0.370438 0.164599 0.445255 0.244890 0.463504 0.336131 0.432482 0.441971 0.335766 0.438321 0.248175 0.317883 0.213504 0.235766 0.295620
0 0.217518 0.472628 0.208394 0.510949 0.244890 0.531022 0.221168 0.585766 0.292336 0.611314 0.303285 0.560219 0.317883 0.560219 0.325182 0.604015 0.381752 0.596715 0.383577 0.549270 0.447445 0.521898 0.462044 0.498175 0.465693 0.461679 0.507664 0.448905 0.494890 0.416058 0.536861 0.385036 0.516788 0.313869 0.485766 0.297445 0.432847 0.335766 0.341606 0.437956
0 0.401825 0.578467 0.403650 0.605839 0.438321 0.622263 0.456569 0.656934 0.591606 0.600365 0.584307 0.509124 0.527737 0.503650 0.502190 0.474453 0.465693 0.483577 0.447445 0.532847 0.401825 0.545620
0 0.637226 0.386861 0.710219 0.322993 0.792336 0.372263 0.823358 0.456204 0.805109 0.485401 0.754015 0.512774 0.710219 0.531022 0.629927 0.470803
0 0.938321 0.208029 0.863504 0.299270 0.916423 0.339416 0.898175 0.372263 0.936496 0.408759 0.971168 0.401460 1.000000 0.381387 0.998540 0.204380
0 0.806934 0.000000 0.863504 0.072993 0.925547 0.144161 1.000000 0.167883 0.996715 0.000000
0 0.171898 0.881387 0.181022 0.863139 0.217518 0.857664 0.239416 0.890511 0.226642 0.932482 0.191971 0.927007
0 0.297810 0.813869 0.323358 0.817518 0.325182 0.857664 0.288686 0.872263 0.274088 0.839416
