0 0.881620 0.054517 0.895639 0.046729 0.897196 0.023364 0.875389 0.015576 0.859813 0.038941
0 0.132399 0.419003 0.112150 0.429907 0.126168 0.456386 0.168224 0.453271 0.161994 0.429907
0 0.115265 0.319315 0.169782 0.317757 0.204050 0.275701 0.244548 0.294393 0.277259 0.224299 0.278816 0.157321 0.288162 0.135514 0.274143 0.095016 0.214953 0.135514 0.138629 0.194704 0.115265 0.210280
0 0.082555 0.000000 0.077882 0.068536 0.095016 0.141745 0.118380 0.180685 0.292835 0.079439 0.339564 0.007788
0 0.031153 0.001558 0.057632 0.023364 0.062305 0.052960 0.032710 0.076324 0.004673 0.085670 0.004673 0.012461
0 0.247664 0.652648 0.230530 0.671340 0.232087 0.690031 0.257009 0.688474 0.272586 0.669782 0.249221 0.660436
0 0.478193 0.612150 0.496885 0.595016 0.485981 0.565421 0.445483 0.574766 0.461059 0.599688
0 0.605919 0.595016 0.623053 0.584112 0.624611 0.562305 0.605919 0.557632 0.582555 0.566978 0.585670 0.588785 0.598131 0.595016
0 0.811526 0.565421 0.838006 0.554517 0.828660 0.529595 0.794393 0.529595 0.792835 0.552960
0 0.928349 0.518692 0.951713 0.503115 0.954829 0.478193 0.923676 0.468847 0.922118 0.495327
0 0.931464 0.809969 1.000000 0.753894 0.967290 0.665109 0.858255 0.644860 0.878505 0.732087 0.859813 0.791277 0.942368 0.813084
0 0.831776 0.996885 0.809969 0.914330 0.739875 0.925234 0.646417 0.961059 0.632399 0.996885
0 0.322430 0.968847 0.429907 0.940810 0.359813 0.873832 0.320872 0.808411 0.249221 0.831776 0.225857 0.904984 0.317757 0.957944
0 0.190031 0.987539 0.144860 0.917445 0.093458 0.898754 0.057632 0.933022 0.052960 0.968847 0.056075 0.995327
0 0.543614 0.909657 0.568536 0.859813 0.571651 0.822430 0.498442 0.767913 0.428349 0.772586 0.417445 0.855140 0.514019 0.919003
0 0.686916 0.844237 0.760125 0.825545 0.711838 0.742991 0.674455 0.757009
