0 0.071858 0.499785 0.105105 0.495495 0.109395 0.467610 0.075075 0.448305 0.047190 0.470828
0 0.054698 0.319605 0.086873 0.313170 0.112613 0.291720 0.108323 0.259545 0.082583 0.255255 0.047190 0.276705
0 0.256328 0.311025 0.282068 0.311025 0.297083 0.282068 0.277778 0.264908 0.249893 0.260618 0.248820 0.286358
0 0.731446 0.490133 0.773273 0.510511 0.789361 0.480480 0.770056 0.451523 0.741098 0.463320
0 0.524453 0.506221 0.554483 0.483698 0.552338 0.457958 0.512655 0.451523 0.496568 0.469755 0.500858 0.497640
0 0.716431 0.988846 0.751823 0.998498 0.819391 0.997426 0.861218 0.949163 0.846203 0.839768 0.780781 0.829043 0.725011 0.785071 0.641356 0.805448 0.625268 0.834406 0.643501 0.868726 0.640283 0.904118 0.669241 0.956671
0 0.995281 0.779708 0.958816 0.761476 0.923423 0.773273 0.880523 0.747533 0.876233 0.720721 0.877306 0.666023 0.924496 0.619906 0.969541 0.620978 1.000000 0.649936
0 0.746461 0.288503 0.781853 0.286358 0.782926 0.250965 0.762548 0.240240 0.732518 0.254183
0 0.797941 0.020378 0.759331 0.052553 0.761476 0.149078 0.776491 0.180180 0.873016 0.191978 0.914843 0.225225 0.955598 0.229515 0.986701 0.205920 0.999571 0.205920 0.998498 0.002145
0 0.701416 0.000000 0.750751 0.052553 0.757186 0.184470 0.730373 0.241313 0.642428 0.260618 0.551266 0.262763 0.483698 0.288503 0.451523 0.282068 0.446160 0.309953 0.374303 0.308880 0.342128 0.262763 0.286358 0.229515 0.301373 0.169455 0.267053 0.125483 0.315315 0.082583 0.352853 0.017160 0.390390 0.011798 0.417203 0.030030 0.425783 0.037538 0.489060 0.002145
0 0.177809 0.955090 0.271286 0.923593 0.320057 0.882951 0.305832 0.800650 0.216419 0.784393 0.118878 0.812843 0.105670 0.859581 0.144280 0.935785
0 0.257400 0.487222 0.274867 0.500092 0.299687 0.487222 0.299687 0.476190 0.279463 0.458724 0.260158 0.465159
