0 0.807214 0.083333 0.840796 0.101990 0.868159 0.083333 0.868159 0.069652 0.888060 0.068408 0.909204 0.068408 0.919154 0.038557 0.929105 0.028607 0.936567 0.011194 0.934080 0.006219 0.922886 0.000000 0.837065 0.000000 0.819652 0.000000 0.808458 0.006219 0.808458 0.024876 0.807214 0.039801 0.793532 0.047264 0.794776 0.067164
0 0.978856 0.167910 0.965174 0.169154 0.953980 0.174129 0.946517 0.184080 0.942786 0.197761 0.921642 0.201493 0.915423 0.200249 0.881841 0.200249 0.875622 0.205224 0.876866 0.222637 0.868159 0.231343 0.855721 0.240050 0.834577 0.233831 0.817164 0.232587 0.799751 0.247512 0.792289 0.268657 0.787313 0.282338 0.788557 0.303483 0.802239 0.319652 0.814677 0.330846 0.817164 0.340796 0.815920 0.358209 0.814677 0.374378 0.809702 0.391791 0.810945 0.402985 0.837065 0.430348 0.849503 0.429105 0.850746 0.442786 0.848259 0.452736 0.843284 0.463930 0.837065 0.485075 0.833333 0.493781 0.838308 0.523632 0.856965 0.526119 0.883085 0.527363 0.895522 0.538557 0.910448 0.548507 0.925373 0.549751 0.935323 0.559702 0.991293 0.570895 1.000000 0.575871 1.000000 0.220149 1.000000 0.185323
0 0.997512 0.590796 0.983831 0.587065 0.949005 0.577114 0.942786 0.573383 0.927861 0.572139 0.907960 0.572139 0.898010 0.572139 0.884328 0.574627 0.865672 0.579602 0.844527 0.579602 0.824627 0.579602 0.799751 0.585821 0.788557 0.593284 0.786070 0.601990 0.784826 0.623134 0.784826 0.638060 0.793532 0.646766 0.808458 0.655473 0.830846 0.662935 0.842040 0.662935 0.844527 0.672886 0.833333 0.687811 0.825871 0.700249 0.815920 0.712687 0.805970 0.720149 0.799751 0.740050 0.799751 0.750000 0.805970 0.763682 0.813433 0.776119 0.818408 0.788557 0.833333 0.799751 0.864428 0.803483 0.899254 0.796020 0.907960 0.792289 0.909204 0.805970 0.876866 0.827114 0.870647 0.848259 0.870647 0.864428 0.878109 0.874378 0.895522 0.876866 0.922886 0.873134 0.939055 0.870647 0.958955 0.875622 0.988806 0.865672 0.988806 0.863184 1.000000 0.865672
0 0.366915 0.853234 0.391791 0.844527 0.398010 0.810945 0.398010 0.776119 0.365672 0.754975 0.335821 0.762438 0.310945 0.791045 0.308458 0.824627 0.332090 0.847015
0 0.271144 0.837065 0.266169 0.787313 0.243781 0.761194 0.220149 0.748756 0.172886 0.747512 0.136816 0.756219 0.100746 0.771144 0.069652 0.799751 0.049751 0.832090 0.048507 0.855721 0.099502 0.864428 0.123134 0.875622 0.148010 0.881841 0.172886 0.875622 0.196517 0.874378 0.237562 0.863184
0 0.213930 0.732587 0.242537 0.717662 0.267413 0.712687 0.267413 0.685323 0.273632 0.669154 0.289801 0.659204 0.294776 0.644279 0.294776 0.624378 0.307214 0.608209 0.313433 0.582090 0.327114 0.565920 0.337065 0.537313 0.334577 0.496269 0.318408 0.467662 0.286070 0.463930 0.262438 0.444030 0.252488 0.427861 0.235075 0.412935 0.199005 0.396766 0.167910 0.410448 0.115672 0.425373 0.090796 0.429105 0.058458 0.444030 0.037313 0.458955 0.014925 0.473881 0.000000 0.501244 0.000000 0.623134 0.000000 0.680348 0.057214 0.691542 0.084577 0.705224 0.114428 0.717662 0.134328 0.732587 0.154229 0.743781 0.190299 0.731343
0 0.203980 0.369403 0.207711 0.333333 0.187811 0.315920 0.170398 0.303483 0.162935 0.274876 0.159204 0.258706 0.123134 0.259950 0.105721 0.267413 0.067164 0.279851 0.037313 0.279851 0.027363 0.278607 0.002488 0.288557 0.000000 0.405473 0.017413 0.435323 0.092040 0.430348 0.152985 0.415423 0.199005 0.394279
0 0.776119 0.838308 0.725124 0.837065 0.710199 0.842040 0.677861 0.870647 0.649254 0.896766 0.651741 0.922886 0.661692 0.939055 0.671642 0.960199 0.730099 0.983831 0.753731 0.981343 0.783582 0.963930 0.803483 0.940298 0.807214 0.899254 0.791045 0.853234
0 0.157960 0.019900 0.156716 0.034826 0.165423 0.064677 0.236318 0.089552 0.267413 0.084577 0.300995 0.069652 0.318408 0.057214 0.334577 0.041045 0.344527 0.031095 0.350746 0.003731 0.323383 0.000000 0.233831 0.000000 0.160448 0.003731
0 0.036070 0.213930 0.047264 0.192786 0.038557 0.155473 0.034826 0.128109 0.031095 0.109453 0.024876 0.099502 0.002488 0.104478 0.000000 0.109453 0.000000 0.179104 0.000000 0.237562 0.034826 0.222637
0 0.007463 0.776119 0.029851 0.769901 0.037313 0.753731 0.042289 0.738806 0.036070 0.727612 0.023632 0.720149 0.011194 0.718905 0.003731 0.720149
0 0.196517 0.998756 0.190299 0.976368 0.201493 0.967662 0.206468 0.956468 0.190299 0.949005 0.150498 0.936567 0.139303 0.929105 0.130597 0.917910 0.124378 0.905473 0.124378 0.893035 0.123134 0.884328 0.109453 0.874378 0.092040 0.869403 0.068408 0.865672 0.042289 0.856965 0.036070 0.853234 0.033582 0.835821 0.033582 0.828358 0.032338 0.814677 0.023632 0.807214 0.009950 0.800995 0.001244 0.799751 0.000000 1.000000
