0 0.697090 0.194444 0.697090 0.173280 0.718254 0.166667 0.736772 0.197090 0.757937 0.177249 0.775132 0.167989 0.804233 0.162698 0.797619 0.138889 0.763228 0.115079 0.756614 0.093915 0.773809 0.079365 0.772487 0.062169 0.751323 0.044974 0.746032 0.013228 0.723545 0.005291 0.706349 0.002646 0.662698 0.018519 0.645503 0.070106 0.613757 0.100529 0.600529 0.116402 0.626984 0.149471 0.654762 0.174603
0 0.900794 0.002646 0.891534 0.027778 0.910053 0.035714 0.920635 0.066138 0.960317 0.079365 0.981481 0.095238 0.984127 0.067460 1.000000 0.062169 0.998677 0.003968
0 0.132275 0.324074 0.174603 0.289683 0.183862 0.252646 0.211640 0.239418 0.211640 0.212963 0.186508 0.183862 0.161376 0.150794 0.134921 0.121693 0.108466 0.091270 0.071429 0.035714 0.051587 0.002646 0.006614 0.000000 0.006614 0.329365 0.050265 0.317460 0.092593 0.332011
0 0.185185 0.846561 0.197090 0.829365 0.220899 0.821429 0.202381 0.801587 0.206349 0.780423 0.181217 0.748677 0.152116 0.726191 0.115079 0.739418 0.091270 0.761905 0.100529 0.814815 0.109788 0.847884 0.178571 0.847884
0 0.189153 0.993386 0.170635 0.966931 0.162698 0.933862 0.182540 0.915344 0.189153 0.899471 0.228836 0.902116 0.253968 0.876984 0.276455 0.878307 0.275132 0.927249 0.272487 0.970899 0.263228 0.990741
0 0.219577 0.730159 0.232804 0.789683 0.271164 0.818783 0.353175 0.802910 0.388889 0.779101 0.392857 0.761905 0.404762 0.714286 0.346561 0.667989 0.296296 0.660053 0.224868 0.703704
0 0.261905 0.447090 0.304233 0.458995 0.382275 0.419312 0.390212 0.373016 0.394180 0.280423 0.357143 0.238095 0.268519 0.259259 0.205026 0.272487 0.134921 0.329365 0.208995 0.420635
0 0.244709 0.218254 0.291005 0.216931 0.291005 0.179894 0.261905 0.162698 0.231481 0.169312 0.231481 0.214286
0 0.411376 0.186508 0.390212 0.153439 0.411376 0.112434 0.415344 0.068783 0.439153 0.071429 0.498677 0.144180 0.460317 0.183862
0 0.427249 0.265873 0.435185 0.220899 0.416667 0.195767 0.373016 0.203704 0.369048 0.223545 0.378307 0.248677 0.402116 0.268519
0 0.592593 0.351852 0.624339 0.383598 0.646825 0.382275 0.654762 0.353175 0.679894 0.345238 0.653439 0.313492 0.681217 0.298942 0.673280 0.271164 0.641534 0.261905 0.613757 0.285714 0.582011 0.277778 0.555556 0.292328
0 0.482804 0.880952 0.473545 0.842593 0.460317 0.833333 0.429894 0.805556 0.406085 0.791005 0.375661 0.800265 0.312169 0.824074 0.293651 0.879630 0.285714 0.910053 0.276455 0.974868 0.281746 0.993386 0.523809 1.000000 0.501323 0.961640
0 0.477513 0.820106 0.490741 0.849206 0.539683 0.838624 0.582011 0.824074 0.596561 0.788360 0.583333 0.740741 0.563492 0.703704 0.527778 0.678571 0.492063 0.682540 0.451058 0.697090 0.429894 0.764550 0.456349 0.812169
0 0.383598 0.578042 0.416667 0.578042 0.435185 0.567460 0.439153 0.538360 0.464286 0.521164 0.473545 0.505291 0.447090 0.494709 0.402116 0.507936 0.376984 0.533069
