0 0.875383 0.163760 0.898016 0.160431 0.917987 0.172414 0.928638 0.198376 0.923312 0.207030 0.925310 0.218346 0.919984 0.225003 0.909999 0.220343 0.890028 0.234989 0.873386 0.231660 0.864732 0.214352 0.854081 0.210358 0.859406 0.196379 0.855412 0.181733 0.854746 0.173079 0.868060 0.161097
0 0.710292 0.248968 0.740248 0.247637 0.746905 0.222341 0.745573 0.203701 0.728931 0.189056 0.714951 0.179071 0.692318 0.178405 0.681667 0.199707 0.682333 0.228332
0 0.000965 0.180502 0.027992 0.173745 0.060811 0.235521 0.050193 0.245174 0.033784 0.245174 0.000000 0.245174
0 0.000000 0.330116 0.018340 0.304054 0.017375 0.273166 0.000965 0.250965
0 0.003861 0.354247 0.011583 0.327220 0.034749 0.285714 0.046332 0.268340 0.064672 0.271236 0.095560 0.282819 0.109073 0.301158 0.114865 0.333012 0.106178 0.362934 0.076255 0.379344 0.029923 0.381274
0 0.076255 0.520270 0.125483 0.482625 0.127413 0.446911 0.108108 0.416988 0.079151 0.394788 0.047297 0.401544 0.040541 0.436293 0.044402 0.457529 0.044402 0.496139
0 0.090734 0.388996 0.125483 0.329151 0.135135 0.320463 0.168919 0.333012 0.192085 0.354247 0.206564 0.379344 0.184363 0.411197 0.166988 0.435328 0.136100 0.450772 0.110039 0.411197
0 0.231660 0.649614 0.229730 0.694981 0.241313 0.704633 0.259652 0.693050 0.300193 0.679537 0.326255 0.659266 0.269305 0.625483
0 0.253861 0.614865 0.252896 0.629344 0.224903 0.645753 0.197876 0.652510 0.167954 0.643822 0.145753 0.620656 0.149614 0.594595 0.154440 0.564672 0.213320 0.557915 0.206564 0.587838
0 0.220077 0.529923 0.213320 0.552124 0.182432 0.555985 0.148649 0.553089 0.116795 0.548263 0.116795 0.497104 0.138031 0.487452 0.187259 0.495174
0 0.373552 0.151544 0.356178 0.137066 0.363900 0.111969 0.384170 0.088803 0.414093 0.093629
0 0.096525 0.999035 0.118726 0.990347 0.136100 0.992278 0.147683 0.999035
