0 0.909119 0.006289 0.794340 0.070755 0.770755 0.161950 0.824214 0.276730 0.932704 0.295597 0.984591 0.281447 0.997170 0.075472 0.986163 0.012579
0 0.921698 0.482704 0.811635 0.487421 0.762893 0.547170 0.788050 0.632075 0.890252 0.672956 0.976730 0.603774 0.965723 0.528302
0 0.893396 0.358491 0.795912 0.371069 0.786478 0.438679 0.827358 0.470126 0.852516 0.479560 0.898113 0.462264 0.921698 0.418239 0.909119 0.364780
0 0.648113 0.830189 0.571069 0.852201 0.569497 0.902516 0.611950 0.940252 0.663836 0.924528 0.668553 0.874214
0 0.105660 0.339623 0.011321 0.279874 0.006604 0.394654 0.006604 0.515723 0.009748 0.591195 0.078931 0.559748 0.141824 0.495283 0.132390 0.382075 0.110377 0.352201
0 0.409119 0.465409 0.361950 0.361635 0.267610 0.331761 0.143396 0.358491 0.132390 0.385220 0.154402 0.490566 0.179560 0.553459 0.261321 0.569182 0.369811 0.537736
0 0.659119 0.397799 0.544340 0.360063 0.435849 0.389937 0.405975 0.452830 0.427987 0.523585 0.476730 0.589623 0.613522 0.591195 0.681132 0.550314 0.684277 0.465409
0 0.272327 0.679245 0.187421 0.690252 0.185849 0.757862 0.231447 0.789308 0.311635 0.779874 0.332075 0.718553 0.319497 0.654088 0.292767 0.636792 0.272327 0.660377
0 0.218868 0.611635 0.160692 0.605346 0.146541 0.643082 0.168553 0.685535 0.223585 0.679245 0.237736 0.641509
0 0.166981 0.567610 0.148113 0.591195 0.206289 0.597484 0.262893 0.610063 0.277044 0.597484 0.264465 0.584906 0.225157 0.572327 0.223585 0.570755 0.192138 0.562893
0 0.409119 0.761006 0.350943 0.762579 0.339937 0.811321 0.374528 0.853774 0.418553 0.827044 0.424843 0.789308
0 0.478302 0.712264 0.431132 0.716981 0.421698 0.745283 0.431132 0.775157 0.462579 0.800314 0.506604 0.778302 0.494025 0.729560
0 0.431132 0.559748 0.475157 0.610063 0.481447 0.654088 0.445283 0.687107 0.376101 0.707547 0.335220 0.660377 0.311635 0.603774 0.374528 0.564465
