0 0.757697 0.217871 0.759705 0.272088 0.797858 0.256024 0.834003 0.286145 0.854083 0.258032 0.874163 0.235944 0.836011 0.171687 0.791834 0.171687
0 0.946452 0.091365 0.974565 0.131526 1.000000 0.123494 1.000000 0.043173 0.980589 0.047189
0 0.884203 0.023092 0.870147 0.003012 0.970549 0.001004 0.930388 0.037149
0 0.127175 0.840361 0.175368 0.868474 0.215529 0.828313 0.211513 0.798193 0.147256 0.776104 0.101071 0.798193
0 0.026774 0.946787 0.068942 0.974900 0.091031 0.946787 0.115127 0.926707 0.050870 0.894578
0 0.072958 0.874498 0.107095 0.902610 0.139224 0.894578 0.135207 0.854418 0.105087 0.830321
0 0.990629 0.406626 0.996653 0.370482 0.970549 0.340361 0.946452 0.360442 0.928380 0.384538
0 0.860107 0.320281 0.908300 0.302209 0.968541 0.328313 0.954485 0.354418 0.932396 0.384538 0.902276 0.368474
0 0.213521 0.432731 0.233601 0.460843 0.275770 0.428715 0.281794 0.402610 0.225569 0.384538
0 0.099063 0.529116 0.064926 0.527108 0.038822 0.484940 0.070950 0.460843 0.105087 0.476908 0.107095 0.513052
0 0.034806 0.689759 0.046854 0.661647 0.089023 0.649598 0.082999 0.641566 0.064926 0.645582 0.056894 0.631526 0.050870 0.629518 0.044846 0.641566 0.008701 0.645582 0.002677 0.661647 0.018742 0.667671
