0 0.842963 0.107407 0.850370 0.125926 0.848518 0.144444 0.841111 0.159259 0.854074 0.162963 0.867037 0.159259 0.885556 0.151852 0.887407 0.151852 0.885556 0.177778 0.859630 0.225926 0.859630 0.235185 0.863333 0.250000 0.854074 0.261111 0.817037 0.266667 0.774444 0.251852 0.767037 0.251852 0.746667 0.229630 0.741111 0.222222 0.741111 0.214815 0.737407 0.200000 0.746667 0.162963 0.757778 0.131481 0.765185 0.124074 0.778148 0.122222 0.791111 0.125926 0.802222 0.127778 0.804074 0.129630 0.809630 0.129630 0.826296 0.118519
0 0.705926 0.090741 0.726296 0.111111 0.730000 0.125926 0.737407 0.153704 0.737407 0.166667 0.737407 0.179630 0.726296 0.201852 0.718889 0.209259 0.700370 0.233333 0.678148 0.244444 0.633704 0.251852 0.613333 0.240741 0.604074 0.224074 0.578148 0.198148 0.574444 0.185185 0.580000 0.151852 0.580000 0.148148 0.580000 0.098148 0.587407 0.098148 0.609630 0.090741 0.618889 0.085185 0.620741 0.074074 0.644815 0.070370 0.659630 0.074074 0.694815 0.081481
0 0.520741 0.077778 0.559630 0.094444 0.561481 0.125926 0.559630 0.125926 0.563333 0.155556 0.567037 0.175926 0.554074 0.201852 0.522593 0.225926 0.496667 0.238889 0.476296 0.238889 0.459630 0.235185 0.452222 0.220370 0.430000 0.207407 0.411481 0.200000 0.400370 0.192593 0.398519 0.183333 0.396667 0.164815 0.402222 0.146296 0.405926 0.129630 0.411481 0.114815 0.418889 0.100000 0.433704 0.087037 0.441111 0.087037
0 0.376296 0.120370 0.368889 0.148148 0.374444 0.162963 0.352222 0.192593 0.352222 0.192593 0.344815 0.198148 0.317037 0.211111 0.304074 0.207407 0.289259 0.207407 0.281852 0.200000 0.267037 0.187037 0.248518 0.174074 0.241111 0.155556 0.244815 0.122222 0.246667 0.100000 0.255926 0.094444 0.270741 0.088889 0.283704 0.085185 0.331852 0.083333 0.376296 0.085185 0.376296 0.103704 0.374444 0.111111
0 0.211481 0.083333 0.196667 0.074074 0.174444 0.061111 0.167037 0.051852 0.157778 0.038889 0.150370 0.029630 0.142963 0.022222 0.133704 0.022222 0.118889 0.029630 0.117037 0.040741 0.107778 0.048148 0.078148 0.072222 0.076296 0.090741 0.074444 0.122222 0.072593 0.129630 0.070741 0.133333 0.070741 0.170370 0.111481 0.177778 0.122593 0.185185 0.131852 0.192593 0.183704 0.205556 0.181852 0.200000 0.181852 0.200000 0.222593 0.162963 0.224444 0.146296 0.220741 0.133333 0.218889 0.118519 0.215185 0.109259 0.211481 0.096296
0 0.498518 0.016667 0.507778 0.040741 0.502222 0.066667 0.492963 0.066667 0.480000 0.066667 0.463333 0.062963 0.433704 0.051852 0.404074 0.048148 0.372593 0.048148 0.367037 0.050000 0.339259 0.053704 0.317037 0.057407 0.307778 0.059259 0.302222 0.055556 0.296667 0.057407 0.265185 0.050000 0.265185 0.040741 0.263333 0.029630 0.263333 0.022222 0.263333 0.014815 0.278148 0.012963 0.302222 0.005556 0.374444 0.014815 0.380000 0.014815 0.389259 0.014815 0.433704 0.014815 0.480000 0.014815
0 0.978148 0.044444 0.961481 0.040741 0.957778 0.042593 0.948519 0.051852 0.941111 0.068519 0.939259 0.070370 0.935556 0.081481 0.931852 0.090741 0.931852 0.100000 0.937407 0.103704 0.941111 0.101852 0.946667 0.094444 0.948519 0.088889 0.959630 0.079630 0.961481 0.083333 0.965185 0.096296 0.970741 0.103704 0.974444 0.111111 0.983704 0.111111 0.991111 0.096296 0.992963 0.077778 0.992963 0.066667 0.991111 0.055556 0.989259 0.050000
0 0.857778 0.029630 0.874444 0.031481 0.885556 0.027778 0.902222 0.014815 0.907778 0.009259 0.922593 0.003704 0.937407 0.022222 0.944815 0.038889 0.944815 0.051852 0.937407 0.077778 0.935556 0.081481 0.926296 0.087037 0.915185 0.092593 0.911481 0.088889 0.904074 0.081481 0.900370 0.083333 0.880000 0.083333 0.876296 0.081481 0.878148 0.042593 0.874444 0.035185 0.872593 0.079630 0.868889 0.088889 0.855926 0.088889 0.846667 0.088889 0.835556 0.085185 0.826296 0.062963 0.822593 0.048148 0.822593 0.029630 0.818889 0.016667 0.826296 0.009259 0.846667 0.014815 0.852222 0.020370
0 0.613333 0.561111 0.624444 0.592593 0.624444 0.600000 0.620741 0.600000 0.618889 0.607407 0.635556 0.614815 0.570741 0.635185 0.567037 0.637037 0.574444 0.653704 0.570741 0.646296 0.548518 0.629630 0.537407 0.622222 0.530000 0.624074 0.531852 0.653704 0.522593 0.659259 0.509630 0.664815 0.492963 0.666667 0.481852 0.659259 0.476296 0.666667 0.472593 0.668518 0.472593 0.688889 0.465185 0.707407 0.465185 0.707407 0.455926 0.714815 0.433704 0.707407 0.428148 0.703704 0.426296 0.681481 0.430000 0.655556 0.431852 0.625926 0.433704 0.607407 0.426296 0.583333 0.424444 0.566667 0.435556 0.553704 0.448518 0.548148 0.520741 0.535185 0.539259 0.540741 0.550370 0.557407 0.561481 0.561111 0.574444 0.561111 0.600370 0.564815
0 0.350370 0.546296 0.359630 0.555556 0.370741 0.562963 0.376296 0.594444 0.367037 0.614815 0.361481 0.624074 0.359630 0.629630 0.361481 0.644444 0.368889 0.650000 0.381852 0.655556 0.387407 0.666667 0.392963 0.687037 0.367037 0.720370 0.370741 0.731481 0.291111 0.748148 0.291111 0.738889 0.291111 0.738889 0.307778 0.779630 0.320741 0.792593 0.320741 0.800000 0.278148 0.814815 0.268889 0.822222 0.268889 0.822222 0.226296 0.751852 0.224444 0.740741 0.215185 0.740741 0.198518 0.748148 0.180000 0.768519 0.165185 0.779630 0.168889 0.792593 0.181852 0.801852 0.202222 0.809259 0.233704 0.816667 0.239259 0.829630 0.231852 0.840741 0.231852 0.870370 0.230000 0.911111 0.231852 0.916667 0.241111 0.931481 0.233704 0.950000 0.226296 0.983333 0.226296 0.992593 0.218889 1.000000 0.204074 0.998148 0.168889 1.000000 0.142963 1.000000 0.115185 0.992593 0.113333 0.985185 0.109630 0.979630 0.080000 0.970370 0.059630 0.966667 0.044815 0.981481 0.041111 0.987037 0.026296 0.996296 0.005926 0.998148 0.000000 0.988889 0.011481 0.964815 0.024444 0.951852 0.013333 0.892593 0.018889 0.892593 0.017037 0.883333 0.009630 0.859259 0.000000 0.844444 0.004074 0.825926 0.065185 0.792593 0.067037 0.775926 0.078148 0.757407 0.085556 0.759259 0.100370 0.762963 0.124444 0.783333 0.172593 0.801852 0.172593 0.794444
0 0.346667 0.522222 0.328148 0.511111 0.305926 0.512963 0.300370 0.512963 0.298518 0.512963 0.292963 0.522222 0.292963 0.525926 0.292963 0.537037 0.285556 0.542593 0.270741 0.542593 0.239259 0.533333 0.230000 0.529630 0.226296 0.527778 0.211481 0.525926 0.207778 0.525926 0.198518 0.524074 0.181852 0.512963 0.178148 0.512963 0.167037 0.511111 0.163333 0.511111 0.154074 0.524074 0.141111 0.540741 0.122593 0.551852 0.122593 0.550000 0.122593 0.531482 0.117037 0.525926 0.104074 0.518519 0.102222 0.524074 0.100370 0.533333 0.100370 0.546296 0.098518 0.564815 0.092963 0.575926 0.083704 0.592593 0.081852 0.609259 0.081852 0.609259 0.074444 0.609259 0.057778 0.603704 0.052222 0.601852 0.022593 0.583333 0.018889 0.579630 0.011481 0.577778 0.009630 0.579630 0.017037 0.616667 0.017037 0.627778 0.017037 0.635185 0.018889 0.674074 0.026296 0.674074 0.044815 0.681481 0.055926 0.694444 0.055926 0.696296 0.055926 0.696296 0.063333 0.711111 0.085556 0.733333 0.085556 0.742593 0.083704 0.751852 0.080000 0.761111
0 0.755926 0.574074 0.759630 0.598148 0.759630 0.603704 0.728148 0.614815 0.722593 0.614815 0.702222 0.607407 0.685556 0.600000 0.678148 0.600000 0.657778 0.592593 0.654074 0.598148 0.646667 0.622222 0.646667 0.637037 0.646667 0.648148 0.646667 0.672222 0.646667 0.677778 0.642963 0.683333 0.642963 0.685185 0.648519 0.690741 0.654074 0.701852 0.648519 0.724074 0.644815 0.729630 0.633704 0.755556 0.633704 0.762963 0.655926 0.770370 0.696667 0.768519 0.709630 0.762963 0.722593 0.762963 0.730000 0.762963 0.741111 0.761111 0.750370 0.748148 0.744815 0.738889 0.742963 0.735185 0.735556 0.727778 0.715185 0.714815 0.705926 0.696296 0.713333 0.677778 0.724444 0.666667 0.735556 0.666667 0.755926 0.650000 0.772593 0.638889 0.781852 0.631482 0.781852 0.600000 0.778148 0.596296 0.778148 0.590741 0.774444 0.583333 0.767037 0.583333 0.767037 0.577778
0 0.642963 0.788889 0.641111 0.807407 0.641111 0.827778 0.633704 0.838889 0.631852 0.861111 0.631852 0.864815 0.633704 0.872222 0.633704 0.883333 0.630000 0.901852 0.630000 0.905556 0.628148 0.916667 0.622593 0.931481 0.620741 0.938889 0.611481 0.951852 0.604074 0.955556 0.589259 0.979630 0.589259 0.990741 0.591111 0.996296 0.609630 0.996296 0.630000 0.994444 0.648519 0.994444 0.672593 0.992593 0.681852 0.988889 0.685556 0.988889 0.730000 0.977778 0.730000 0.974074 0.728148 0.951852 0.715185 0.933333 0.704074 0.911111 0.715185 0.881482 0.717037 0.870370 0.707778 0.857407 0.694815 0.853704 0.692963 0.827778 0.704074 0.820370 0.713333 0.814815 0.720741 0.814815 0.728148 0.803704 0.730000 0.787037 0.720741 0.781482 0.709630 0.781482 0.678148 0.781482
0 0.996667 0.185185 0.974444 0.185185 0.967037 0.181481 0.955926 0.164815 0.948519 0.174074 0.944815 0.177778 0.942963 0.192593 0.944815 0.201852 0.950370 0.222222 0.965185 0.244444 0.983704 0.262963 0.989259 0.272222 0.996667 0.231481 0.996667 0.225926 0.996667 0.201852
0 0.763333 0.007407 0.752222 0.018519 0.748518 0.057407 0.737407 0.062963 0.728148 0.066667 0.713333 0.064815 0.683704 0.066667 0.655926 0.061111 0.618889 0.053704 0.602222 0.051852 0.589259 0.051852 0.574444 0.050000 0.530000 0.048148 0.526296 0.044444 0.526296 0.035185 0.537407 0.029630 0.546667 0.029630 0.572593 0.027778 0.576296 0.027778 0.598518 0.024074 0.602222 0.024074 0.604074 0.012963 0.604074 0.009259 0.615185 0.009259 0.655926 0.007407 0.676296 0.005556 0.718889 0.000000 0.737407 0.009259 0.744815 0.012963 0.752222 0.014815
