0 0.622499 0.084073 0.527768 0.112493 0.524216 0.190645 0.549082 0.247484 0.627235 0.242747 0.659207 0.183541 0.639076 0.123150
0 0.835642 0.317348 0.798934 0.368265 0.748017 0.381291 0.769331 0.465364 0.835642 0.493783 0.899586 0.470101 0.941030 0.427472 0.935110 0.370634 0.919716 0.335110
0 0.816696 0.000000 0.880639 0.069864 0.913795 0.101835 1.000000 0.111308 1.000000 0.002368
0 0.997869 0.124334 0.922084 0.120782 0.898401 0.136175 0.913795 0.204855 0.978922 0.223801 0.997869 0.216696
0 0.984843 0.595145 0.888928 0.622380 0.881824 0.656720 0.922084 0.711190 0.954056 0.721847 1.000000 0.706454 1.000000 0.604618
0 0.492244 0.351924 0.406986 0.381528 0.401066 0.430077 0.412907 0.456128 0.470930 0.454944 0.517111 0.439550 0.549082 0.414683
0 0.673416 0.464890 0.607105 0.474364 0.549082 0.498046 0.556187 0.550148 0.595263 0.578567 0.658023 0.569094 0.695915 0.576199 0.705388 0.590409 0.720782 0.572647 0.717229 0.516992
0 0.540793 0.519361 0.466193 0.592777 0.489876 0.644879 0.547898 0.696980 0.607105 0.782238 0.634340 0.800000 0.759858 0.792895 0.782356 0.638958 0.729070 0.597513
0 0.517111 0.694612 0.446063 0.704085 0.446063 0.791711 0.483955 0.849734 0.526584 0.867496 0.592895 0.834340 0.609473 0.797632 0.518295 0.700533
0 0.003197 0.320900 0.077798 0.328005 0.150030 0.311427 0.172528 0.223801 0.137004 0.133807 0.077798 0.044997 0.000000 0.029603 0.000829 0.312611
0 0.004381 0.940912 0.073061 0.945648 0.114506 0.872232 0.088455 0.824867 0.026880 0.786975 0.002013 0.790527 0.000000 0.936175
0 0.122795 0.840261 0.000000 0.759740 0.012670 0.665009 0.088455 0.592777 0.155950 0.635406 0.219893 0.757371
0 0.213973 0.493310 0.142925 0.595145 0.202131 0.736057 0.276732 0.670930 0.318176 0.527649
0 0.564476 0.867496 0.617762 0.879337 0.618946 0.920782 0.596448 0.966963 0.541977 0.974068 0.499349 0.942096 0.531320 0.882889
0 0.234103 0.956306 0.389224 0.993014 0.466193 0.953937 0.506454 0.895915 0.487507 0.844997 0.416459 0.784606 0.209236 0.810657 0.198579 0.903020
0 0.416459 0.629485 0.322913 0.681587 0.287389 0.739609 0.257786 0.778686 0.296862 0.795263 0.440142 0.782238 0.436590 0.707638
