0 0.067893 0.987310 0.130076 0.884518 0.213832 0.874365 0.274746 0.951777 0.296320 0.997462
0 0.151650 0.870558 0.141497 0.790609 0.081853 0.786802 0.053934 0.828680 0.065355 0.899746
0 0.001904 0.939086 0.056472 0.917513 0.051396 0.729695 0.000635 0.690355
0 0.734137 0.994924 0.715101 0.930203 0.750635 0.898477 0.798858 0.878173 0.858503 0.874365 0.875000 0.895939 0.907995 0.953046 0.919416 0.993655
0 0.994289 0.982234 0.967640 0.974619 0.921954 0.946701 0.900381 0.918782 0.881345 0.875635 0.892766 0.832487 0.891497 0.781726 0.923223 0.756345 0.961294 0.743655 0.994289 0.761421
0 0.717640 0.733503 0.770939 0.751269 0.796320 0.781726 0.852157 0.795685 0.868655 0.770305 0.878807 0.709391 0.850888 0.675127 0.788706 0.676396 0.726523 0.680203 0.711294 0.708122
0 0.881345 0.689086 0.894036 0.645939 0.927030 0.635787 0.966371 0.675127 0.960025 0.711929 0.942259 0.733503 0.902919 0.720812
0 0.565355 0.761421 0.603426 0.757614 0.631345 0.730964 0.637690 0.692893 0.652919 0.675127 0.671954 0.642132 0.659264 0.602792 0.628807 0.588832 0.604695 0.601523 0.599619 0.559645 0.590736 0.534264 0.567893 0.510152 0.537437 0.492386 0.485406 0.506345 0.458756 0.475888 0.425761 0.465736 0.390228 0.491117 0.355964 0.557107 0.343274 0.588832 0.358503 0.642132 0.407995 0.666244 0.457487 0.699239 0.487944 0.748731 0.526015 0.775381
0 0.731599 0.666244 0.809010 0.670051 0.853426 0.654822 0.854695 0.607868 0.817893 0.506345 0.774746 0.532995 0.753173 0.550761 0.688452 0.572335 0.697335 0.634518
0 0.873731 0.630711 0.937183 0.626904 0.968909 0.581218 0.998096 0.543147 0.998096 0.340102 0.961294 0.329949 0.921954 0.338832 0.901650 0.389594 0.891497 0.422589 0.872462 0.456853 0.834391 0.470812 0.829315 0.513959
0 0.668147 0.564721 0.713832 0.557107 0.760787 0.532995 0.763325 0.489848 0.722716 0.472081 0.682107 0.455584 0.641497 0.469543 0.625000 0.493655 0.659264 0.550761
0 0.613579 0.483503 0.666878 0.423858 0.702411 0.449239 0.764594 0.470812 0.787437 0.465736 0.772208 0.408629 0.806472 0.381980 0.796320 0.343909 0.703680 0.350254 0.671954 0.379442 0.654188 0.364213 0.638959 0.331218 0.579315 0.317259 0.559010 0.331218 0.559010 0.394670 0.583122 0.468274
0 0.509518 0.482233 0.588198 0.484772 0.565355 0.440355 0.552665 0.359137 0.532360 0.328680 0.481599 0.327411 0.446066 0.370558 0.463832 0.440355
0 0.671954 0.342640 0.671954 0.271574 0.704949 0.228426 0.762056 0.232234 0.768401 0.293147 0.762056 0.332487
0 0.989213 0.322335 0.921954 0.304569 0.921954 0.234772 0.961294 0.171320 0.995558 0.137056
0 0.546320 0.322335 0.603426 0.307107 0.622462 0.314721 0.660533 0.329949 0.655457 0.263959 0.579315 0.251269 0.546320 0.272843
0 0.657995 0.236041 0.626269 0.166244 0.655457 0.130711 0.692259 0.142132 0.718909 0.184010
0 0.649112 0.247462 0.622462 0.173858 0.594543 0.107868 0.566624 0.101523 0.550127 0.162437 0.536168 0.219543 0.559010 0.244924
0 0.475254 0.308376 0.509518 0.296954 0.538706 0.244924 0.519670 0.180203 0.484137 0.170051 0.438452 0.178934 0.416878 0.195431 0.425761 0.237310
0 0.391497 0.333756 0.432107 0.298223 0.438452 0.272843 0.411802 0.209391 0.387690 0.171320 0.359772 0.203046 0.316624 0.220812 0.300127 0.248731 0.316624 0.302030 0.335660 0.331218
0 0.288706 0.211929 0.358503 0.191624 0.375000 0.158629 0.358503 0.077411 0.334391 0.019036 0.292513 0.011421 0.254442 0.035533 0.221447 0.073604 0.202411 0.106599 0.225254 0.189086
0 0.386421 0.156091 0.420685 0.170051 0.444797 0.154822 0.423223 0.107868 0.404188 0.095178 0.382614 0.111675
0 0.461294 0.159898 0.482868 0.149746 0.485406 0.115482 0.466371 0.093909 0.453680 0.073604 0.428299 0.095178
0 0.499365 0.159898 0.537437 0.173858 0.545051 0.133249 0.543782 0.098985 0.579315 0.060914 0.575508 0.026650 0.538706 0.044416 0.500635 0.017766 0.451142 0.045685 0.479061 0.083756 0.490482 0.097716
0 0.380076 0.092640 0.430838 0.060914 0.440990 0.031726 0.484137 0.015228 0.527284 0.019036 0.542513 0.026650 0.576777 0.012690 0.575508 0.000000 0.296320 0.000000 0.336929 0.012690 0.358503 0.036802
0 0.630076 0.138325 0.671954 0.123096 0.697335 0.139594 0.710025 0.154822 0.720178 0.131980 0.729061 0.093909 0.685914 0.062183 0.641497 0.040609 0.628807 0.019036 0.609772 0.035533 0.578046 0.065990 0.556472 0.097716 0.593274 0.091371 0.608503 0.106599 0.622462 0.135787
