0 0.457529 0.232947 0.474260 0.263835 0.492921 0.270270 0.509652 0.256113 0.501931 0.205277 0.476190 0.177606 0.440798 0.163449 0.410553 0.188546 0.429215 0.214929
0 0.556628 0.001287 0.547619 0.028314 0.523166 0.043115 0.492278 0.037323 0.463320 0.002574
0 0.383526 0.034749 0.411197 0.001287 0.456885 0.000644 0.487130 0.039897 0.495495 0.067568 0.458816 0.095882 0.420849 0.077864 0.383526 0.054698
0 0.798584 0.000644 0.802445 0.018018 0.817889 0.037323 0.837838 0.043115 0.847490 0.014157 0.828185 0.007722 0.823037 0.000644 0.802445 0.000000
0 0.299871 0.945946 0.333977 0.935006 0.332690 0.909910 0.303732 0.906692 0.292793 0.918919
0 0.341055 0.953024 0.366152 0.963964 0.396396 0.940798 0.383526 0.904762 0.357786 0.911197 0.339768 0.921493
0 0.444015 0.881596 0.456885 0.893179 0.465894 0.885457 0.467181 0.871300 0.455598 0.865508 0.445946 0.865508
0 0.454955 0.853282 0.458816 0.843629 0.471686 0.848777 0.472973 0.860360 0.469112 0.867439 0.458816 0.864865
0 0.310167 0.982625 0.319176 0.990991 0.330116 0.990347 0.336551 0.978764 0.334620 0.971042 0.321750 0.970399
0 0.070142 0.960746 0.072072 0.969755 0.095238 0.975547 0.129344 0.983269 0.152510 0.953668 0.144144 0.906692 0.074003 0.887387 0.063707 0.913127 0.065637 0.936937 0.068855 0.947233
0 0.029601 0.950450 0.051480 0.937580 0.064994 0.951737 0.066281 0.971042 0.032175 0.969112
0 0.045045 0.844273 0.074646 0.848777 0.107465 0.815315 0.094595 0.781853 0.064350 0.772844
0 0.114543 0.815315 0.119691 0.835907 0.144144 0.851995 0.167954 0.848134 0.176319 0.807593 0.174389 0.796010 0.148649 0.761261 0.127413 0.785714
0 0.120335 0.889961 0.142214 0.898970 0.156371 0.882883 0.153153 0.860360 0.133205 0.850708 0.118404 0.865508
0 0.757438 0.370202 0.768794 0.371338 0.788099 0.356575 0.767658 0.341812 0.749489 0.350897
