0 0.931217 0.187831 0.911376 0.134921 0.895503 0.089947 0.849206 0.068783 0.810847 0.051587 0.783069 0.052910 0.764550 0.112434 0.743386 0.158730 0.735450 0.175926 0.764550 0.232804 0.793651 0.219577 0.789683 0.240741 0.783069 0.261905 0.771164 0.273810 0.789683 0.293651 0.824074 0.305556 0.851852 0.283069 0.867725 0.253968
0 0.993386 0.117725 0.951058 0.154762 0.947090 0.167989 0.970899 0.183862 0.997355 0.210317
0 0.947090 0.186508 0.903439 0.224868 0.879630 0.252646 0.853175 0.289683 0.829365 0.322751 0.838624 0.350529 0.822751 0.392857 0.858466 0.412698 0.853175 0.441799 0.883598 0.472222 0.904762 0.494709 0.943122 0.476190 0.977513 0.451058 0.996032 0.460317 0.997355 0.227513
0 0.994709 0.484127 0.977513 0.468254 0.952381 0.486772 0.928571 0.497354 0.929894 0.552910 0.949735 0.574074 0.949735 0.625661 0.948413 0.653439 0.953704 0.712963 0.974868 0.747355 0.997355 0.771164
0 0.478836 0.474868 0.461640 0.432540 0.456349 0.391534 0.410053 0.392857 0.396825 0.431217 0.408730 0.449735 0.379630 0.416667 0.350529 0.441799 0.308201 0.460317 0.308201 0.498677 0.324074 0.505291 0.373016 0.493386 0.406085 0.510582 0.437831 0.510582 0.474868 0.482804
0 0.443122 0.537037 0.376984 0.501323 0.317460 0.515873 0.314815 0.539683 0.329365 0.556878 0.309524 0.570106 0.335979 0.611111 0.370370 0.625661 0.412698 0.593915 0.435185 0.538360
0 0.046296 0.269841 0.060847 0.296296 0.083333 0.309524 0.129630 0.316138 0.121693 0.342593 0.154762 0.375661 0.095238 0.420635 0.136243 0.421958 0.116402 0.468254 0.097884 0.497354 0.048942 0.533069 0.003968 0.537037 0.000000 0.300265
0 0.120370 0.112434 0.126984 0.142857 0.145503 0.158730 0.134921 0.171958 0.123016 0.208995 0.100529 0.224868 0.051587 0.194444 0.037037 0.182540 0.038360 0.160053 0.055556 0.112434 0.080688 0.117725
0 0.181217 0.990741 0.187831 0.956349 0.134921 0.896825 0.062169 0.891534 0.037037 0.906085 0.029101 0.951058 0.009259 0.974868 0.029101 0.996032
0 0.513228 0.911376 0.533069 0.880952 0.513228 0.839947 0.509259 0.822751 0.458995 0.830688 0.425926 0.837302 0.404762 0.793651 0.390212 0.824074 0.351852 0.832011 0.325397 0.859788 0.346561 0.876984 0.312169 0.898148 0.293651 0.939153 0.325397 0.965608 0.357143 0.953704 0.359788 0.981481 0.384921 0.984127 0.410053 1.000000 0.465608 0.998677 0.486772 0.956349 0.515873 0.956349 0.537037 0.928571
0 0.619048 0.993386 0.616402 0.955026 0.592593 0.931217 0.579365 0.898148 0.558201 0.903439 0.548942 0.931217 0.531746 0.940476 0.518519 0.960317 0.521164 0.981481 0.511905 0.997355
0 0.428571 0.595238 0.449735 0.571429 0.480159 0.620370 0.486772 0.636243 0.455026 0.667989 0.433862 0.641534 0.414021 0.615079
0 0.423280 0.660053 0.420635 0.695767 0.379630 0.724868 0.337302 0.718254 0.294974 0.694444 0.283069 0.675926 0.335979 0.626984 0.366402 0.629630 0.396825 0.616402 0.428571 0.649471
0 0.000000 0.706349 0.044974 0.671958 0.083333 0.603175 0.041005 0.551587 0.001323 0.542328
