0 0.299866 0.308233 0.305890 0.370482 0.350067 0.354418 0.432396 0.344377 0.434404 0.300201 0.416332 0.252008 0.388220 0.225904 0.336011 0.207831 0.311914 0.264056
0 0.119143 0.705823 0.153280 0.689759 0.157296 0.641566 0.107095 0.659639
0 0.082999 0.778112 0.127175 0.754016 0.119143 0.721888 0.082999 0.723896
0 0.137215 0.597390 0.159304 0.625502 0.179384 0.601406 0.209505 0.603414 0.243641 0.577309 0.251673 0.537149 0.219545 0.501004 0.187416 0.507028 0.173360 0.557229 0.135207 0.573293
0 0.301874 0.511044 0.249665 0.527108 0.245649 0.567269 0.243641 0.603414 0.265730 0.627510 0.287818 0.639558 0.329987 0.619478 0.380187 0.589357 0.396252 0.579317 0.356091 0.537149 0.331995 0.553213
0 0.042838 0.932731 0.028782 0.954819 0.070950 0.968875 0.095047 0.960843 0.119143 0.934739 0.093039 0.896586 0.062918 0.908635 0.048862 0.922691
0 0.024766 0.866466 0.002677 0.858434 0.000000 0.780120 0.022758 0.780120 0.050870 0.820281
0 0.908300 0.922691 0.880187 0.880522 0.844043 0.900602 0.817938 0.926707 0.813922 0.960843 0.801874 0.978916 0.805890 0.992972 0.858099 1.000000 0.888219 0.964859
0 0.982597 0.888554 0.948460 0.894578 0.946452 0.862450 0.962517 0.850402 0.986613 0.864458
0 0.990629 0.472892 0.970549 0.488956 0.940428 0.468875 0.938420 0.432731 0.958501 0.412651 0.994645 0.428715
0 0.765730 0.492972 0.737617 0.496988 0.721553 0.478916 0.713521 0.444779 0.733601 0.424699 0.769746 0.436747 0.781794 0.452811
0 0.904284 0.083333 0.864123 0.031124 0.823962 0.059237 0.813922 0.101406 0.854083 0.109438 0.864123 0.119478 0.900268 0.131526
0 0.470549 0.143574 0.470549 0.183735 0.498661 0.199799 0.544846 0.179719 0.550870 0.155622 0.556894 0.135542 0.528782 0.103414 0.488621 0.117470
0 0.327979 0.015060 0.340027 0.059237 0.366131 0.087349 0.400268 0.081325 0.446452 0.027108 0.418340 0.000000 0.350067 0.000000 0.327979 0.015060
0 0.050870 0.089357 0.099063 0.073293 0.113119 0.049197 0.119143 0.017068 0.085007 0.027108 0.046854 0.043173
0 0.028782 0.083333 0.000000 0.133534 0.000000 0.047189
0 0.765730 0.139558 0.745649 0.163655 0.769746 0.191767 0.801874 0.209839 0.819946 0.183735 0.805890 0.151606
0 0.922356 0.001004 0.854083 0.000000 0.842035 0.009036 0.858099 0.031124 0.870147 0.047189
0 0.779786 0.083333 0.761714 0.115462 0.761714 0.135542 0.793842 0.151606 0.846051 0.113454 0.817938 0.105422 0.823962 0.059237 0.864123 0.037149 0.844043 0.009036
0 0.315930 0.488956 0.275770 0.458835 0.247657 0.450803 0.253681 0.476908 0.253681 0.511044 0.287818 0.525100
0 0.974565 0.635542 0.978581 0.615462 1.000000 0.613454 1.000000 0.693775
