0 0.000000 0.423163 0.019488 0.416899 0.031320 0.414115 0.047327 0.409243 0.061943 0.382099 0.066119 0.368875 0.058463 0.343820 0.061943 0.329900 0.050807 0.318764 0.040367 0.316676 0.032016 0.311804 0.022272 0.317372 0.010440 0.299972 0.000000 0.296492
0 0.597160 0.243597 0.573497 0.222021 0.548441 0.231069 0.518513 0.254037 0.496938 0.282572 0.505986 0.306236 0.507378 0.324332 0.521297 0.337556 0.542873 0.361915 0.568625 0.367483 0.628480 0.315980 0.608296 0.279092
0 0.505986 0.332684 0.490674 0.332684 0.482322 0.348692 0.477450 0.366787 0.494850 0.368179 0.491370 0.371659 0.506682 0.368875 0.519905 0.364003 0.516425 0.356347 0.519209 0.354259 0.515729 0.350084 0.519905 0.345212
0 0.469794 0.393931 0.465618 0.372355 0.457962 0.364699 0.444042 0.373051 0.437082 0.387667 0.448914 0.391843
0 0.388363 0.443346 0.387667 0.425947 0.400891 0.411331 0.389059 0.397411 0.363307 0.386275 0.340340 0.410635 0.351476 0.423163 0.355651 0.437778 0.360523 0.443346
0 0.359131 0.451002 0.353563 0.457266 0.334076 0.462834 0.313196 0.462138 0.311804 0.445434 0.317372 0.419683 0.333380 0.409939 0.338948 0.411331 0.352867 0.425947
0 0.191961 0.135751 0.141054 0.165977 0.136282 0.186658 0.108707 0.204157 0.133100 0.221126 0.154311 0.233853 0.150069 0.277866 0.162796 0.301729 0.174462 0.315516 0.193552 0.322410 0.219005 0.319758 0.257185 0.287941 0.261428 0.265139 0.276275 0.255594 0.283169 0.205748 0.279457 0.173931 0.244989 0.163326 0.247640 0.151129 0.248171 0.147948 0.247110 0.123555
0 0.112419 0.145827 0.118782 0.155902 0.113480 0.164386 0.110828 0.184537 0.092799 0.193552 0.070527 0.197794 0.054619 0.187188 0.048786 0.169689 0.039771 0.166508 0.042953 0.149008 0.050907 0.126737 0.054619 0.112419 0.064164 0.110298 0.074769 0.110828 0.101814 0.117192
0 0.068406 0.046665 0.086966 0.047725 0.089617 0.063633 0.088026 0.074239 0.074239 0.084845 0.058331 0.085375 0.054619 0.071588 0.051967 0.063103
0 0.148478 0.000000 0.135221 0.019090 0.145296 0.035529 0.164386 0.043483 0.163326 0.058861 0.169689 0.068406 0.182416 0.054619 0.198855 0.050907 0.220066 0.047725 0.228550 0.025453 0.235974 0.028105 0.239156 0.019090 0.233323 0.006894 0.223247 0.000000
0 0.999576 0.455510 0.986319 0.461343 0.978895 0.457100 0.979425 0.469297 0.961926 0.471948 0.970410 0.486796 0.960335 0.509598 0.974653 0.522855 0.984728 0.520204 0.990031 0.533991 1.000000 0.546187
0 0.905186 0.708983 0.939124 0.724361 0.939124 0.711634 0.967759 0.681939 0.966168 0.661258 0.972001 0.631562 0.951851 0.619366 0.917383 0.602927 0.895641 0.598685 0.871248 0.610881 0.833068 0.592852 0.829356 0.636335 0.820341 0.667621 0.810266 0.686711 0.826705 0.696787 0.825114 0.721179 0.836780 0.724891 0.839962 0.716407 0.850567 0.718528 0.851628 0.724891 0.845795 0.729134 0.853219 0.733906 0.861703 0.750875 0.872309 0.743451 0.888217 0.737618
0 0.922155 0.855340 0.943896 0.850037 0.965638 0.854279 0.987379 0.868067 0.990561 0.889278 0.984198 0.895111 0.979955 0.915261 0.950790 0.925867 0.933291 0.930109 0.916852 0.929049 0.916852 0.913671 0.909959 0.907838 0.908898 0.894050
0 0.958744 0.998515 0.950790 0.987910 0.944957 0.981016 0.932761 0.991622 0.925337 0.988440 0.916852 1.000000
0 1.000000 0.932230 0.984728 0.923746 0.960335 0.932230 0.948139 0.948669 0.950260 0.968289 0.965638 0.968820 0.967759 1.000000 1.000000 1.000000
0 0.837310 0.998515 0.865946 0.995864 0.874430 0.979955 0.867536 0.965638 0.885036 0.954502 0.867006 0.930109 0.874960 0.892459 0.852689 0.876021 0.857991 0.842083 0.827235 0.831477 0.827765 0.791176 0.806024 0.764662 0.779510 0.750875 0.758829 0.733906 0.733906 0.732845 0.732315 0.748754 0.703150 0.736027 0.695726 0.737618 0.697317 0.761481 0.703680 0.792237 0.746633 0.842083 0.746633 0.885566 0.759890 0.915792 0.768904 0.952911
0 0.784813 0.999576 0.772616 0.960335 0.740800 0.924276 0.718528 0.886626 0.685651 0.881324 0.658076 0.887157 0.654364 0.910489 0.622548 0.920564 0.612472 0.947608 0.624138 0.970941 0.607700 1.000000
