0 0.078356 0.283897 0.103339 0.283897 0.121508 0.269135 0.118101 0.249830 0.097661 0.240745 0.067000 0.261186
0 0.291846 0.270270 0.315694 0.281626 0.336134 0.275948 0.340677 0.260050 0.320236 0.241881 0.294118 0.241881
0 0.511015 0.282762 0.545083 0.282762 0.549625 0.262321 0.530320 0.244152 0.501931 0.270270
0 0.633659 0.056779 0.655235 0.014763 0.692710 0.007949 0.734726 0.070407 0.730184 0.095390 0.696116 0.143084 0.645015 0.143084 0.640472 0.097661
0 0.446287 0.003407 0.413355 0.038610 0.408812 0.129457 0.414490 0.174881 0.459914 0.228253 0.490575 0.245287 0.553032 0.215762 0.573473 0.238474 0.585964 0.207813 0.605269 0.164660 0.640472 0.141949 0.618896 0.011356
0 0.002271 0.183965 0.049966 0.204406 0.073813 0.200999 0.126050 0.181694 0.146491 0.137406 0.179423 0.149898 0.203270 0.098796 0.176016 0.001136 0.001136 0.001136
0 0.225982 0.001136 0.213491 0.023847 0.207813 0.088576 0.220304 0.114695 0.248694 0.168067 0.298660 0.198728 0.401999 0.196457 0.405405 0.096525 0.395185 0.005678
0 0.880082 0.289575 0.911878 0.279355 0.917556 0.250965 0.889166 0.239609 0.864184 0.253236 0.858506 0.272541
0 0.088576 0.498524 0.115830 0.491710 0.114695 0.464456 0.093118 0.455371 0.076084 0.472405
0 0.317965 0.491710 0.348626 0.487168 0.350897 0.464456 0.330457 0.451965 0.304338 0.467863
0 0.523507 0.509880 0.570066 0.482625 0.526913 0.448558 0.503066 0.475812
0 0.872133 0.513286 0.914149 0.501931 0.908472 0.468998 0.873268 0.454236 0.855099 0.496253
0 0.729048 0.760845 0.819896 0.742675 0.859641 0.676811 0.857370 0.598456 0.847150 0.548490 0.810811 0.549625 0.794913 0.515558 0.758574 0.520100 0.721099 0.560981 0.665455 0.649557 0.685896 0.719964
0 0.578015 0.901658 0.631388 0.888031 0.657506 0.846014 0.680218 0.793777 0.639337 0.716557 0.592778 0.721099 0.537134 0.717692 0.508744 0.766523 0.495117 0.818760 0.525778 0.875539
0 0.478083 0.748353 0.509880 0.673404 0.511015 0.617761 0.479219 0.588235 0.416761 0.590506 0.354304 0.631388 0.349762 0.704065 0.414490 0.747218
0 0.001136 0.928912 0.031797 0.920963 0.101067 0.870997 0.122644 0.874404 0.126050 0.933454 0.164660 0.945946 0.161254 1.000000 0.001136 0.998183
0 0.003407 0.638201 0.049966 0.583693 0.080627 0.617761 0.134000 0.593913 0.156711 0.578015 0.199864 0.601862 0.218033 0.639337 0.289575 0.647286 0.296389 0.714286 0.278219 0.774472 0.245287 0.823302 0.170338 0.869861 0.098796 0.860777 0.010220 0.855099 0.000000 0.775608
0 0.625710 0.998183 0.608676 0.983420 0.609811 0.966387 0.669998 0.978878 0.698387 0.964115 0.748353 0.977742 0.764252 0.999319
0 0.779014 0.943675 0.750625 0.908472 0.741540 0.851692 0.758574 0.807404 0.781285 0.782421 0.909266 0.783784 0.971042 0.864865 0.907336 0.994209 0.801158 1.000000
0 0.992278 0.611969 0.907336 0.675676 0.907336 0.779923 0.976834 0.861004 0.988417 0.889961 1.000000 0.878378
0 0.833523 0.739269 0.867590 0.704065 0.901658 0.734726 0.899387 0.774472 0.835794 0.781285
