0 0.004673 0.057632 0.095016 0.095016 0.113707 0.157321 0.116822 0.239875 0.060748 0.306854 0.015576 0.300623
0 0.295950 1.000000 0.225857 0.926791 0.130841 0.933022 0.099688 0.959502 0.119938 0.996885
0 0.665109 0.954829 0.718069 0.878505 0.728972 0.809969 0.671340 0.791277 0.607477 0.822430 0.612150 0.883178
0 0.705607 0.780374 0.742991 0.716511 0.746106 0.671340 0.694704 0.663551 0.652648 0.665109 0.633956 0.700935 0.626168 0.747664 0.654206 0.766355
0 0.750779 0.619938 0.783489 0.590343 0.797508 0.534268 0.758567 0.490654 0.688474 0.503115 0.685358 0.557632 0.725857 0.626168
0 0.987539 0.373832 0.922118 0.428349 0.856698 0.457944 0.833333 0.425234 0.839564 0.333333 0.873832 0.306854 0.853583 0.266355 0.813084 0.218069 0.875389 0.133956 0.953271 0.119938 0.989097 0.123053
0 0.253894 0.299065 0.305296 0.242991 0.295950 0.199377 0.257009 0.176012 0.233645 0.210280 0.213396 0.249221 0.222741 0.285047
0 0.241433 0.383178 0.252336 0.408100 0.244548 0.425234 0.221184 0.439252 0.190031 0.429907 0.183801 0.395639 0.204050 0.383178
0 0.347352 0.878505 0.317757 0.904984 0.323988 0.937695 0.359813 0.953271 0.408100 0.953271 0.443925 0.926791 0.439252 0.884735 0.394081 0.889408 0.362928 0.881620
0 0.188474 0.819315 0.227414 0.813084 0.233645 0.783489 0.211838 0.750779 0.199377 0.746106 0.165109 0.767913 0.144860 0.775701 0.165109 0.805296 0.196262 0.822430 0.196262 0.825545
0 0.138629 0.274143 0.109034 0.348910 0.066978 0.313084 0.098131 0.278816
0 0.144860 0.233645 0.169782 0.191589 0.157321 0.138629 0.115265 0.123053 0.123053 0.196262 0.124611 0.239875
