0 0.586106 0.255575 0.668439 0.317324 0.666724 0.361921 0.620412 0.392796 0.596398 0.399657 0.594683 0.421955 0.562093 0.435678 0.534648 0.421955 0.503774 0.392796 0.476329 0.358491 0.471184 0.305317 0.498628 0.284734 0.527787 0.269297 0.550086 0.250429 0.587822 0.246998
0 0.798799 0.401372 0.800515 0.500858 0.790223 0.550600 0.743911 0.598628 0.695883 0.643225 0.644425 0.653516 0.575815 0.624357 0.556947 0.583190 0.553516 0.533448 0.556947 0.488851 0.584391 0.454545 0.608405 0.449400 0.611835 0.430532 0.604974 0.409949 0.620412 0.396226 0.658147 0.406518 0.683876 0.409949 0.680446 0.377358 0.699314 0.355060 0.723328 0.349914 0.743911 0.377358 0.767924 0.382504 0.788508 0.384220
0 0.663293 0.001715 0.670154 0.032590 0.699314 0.068611 0.745626 0.097770 0.800515 0.101201 0.863979 0.092624 0.891424 0.060034 0.891424 0.022298 0.882847 0.003431
0 0.978902 0.063465 0.942882 0.111492 0.927444 0.147513 0.937736 0.200686 0.980617 0.233276 0.997770 0.229846 0.994340 0.144082
0 0.412864 0.005146 0.452316 0.044597 0.507204 0.049743 0.536364 0.036021 0.551801 0.001715
0 0.870840 0.125214 0.850257 0.149228 0.807376 0.161235 0.767924 0.116638 0.810806 0.102916 0.850257 0.104631 0.869125 0.116638
0 0.294511 0.566038 0.320240 0.641509 0.349400 0.663808 0.387135 0.663808 0.411149 0.675815 0.412864 0.706690 0.421441 0.749571 0.412864 0.789022 0.438593 0.821612 0.412864 0.843911 0.356261 0.845626 0.299657 0.849057 0.246484 0.857633 0.212178 0.859348 0.184734 0.840480 0.172727 0.799314 0.172727 0.782161 0.134991 0.795883 0.110978 0.778731 0.102401 0.727273 0.124700 0.711835 0.140137 0.703259 0.143568 0.684391 0.129846 0.660377 0.129846 0.644940 0.148714 0.617496 0.179588 0.598628 0.195026 0.588336 0.205317 0.586621 0.239623 0.562607 0.265352 0.557461
0 0.541509 0.777015 0.551801 0.825043 0.550086 0.890223 0.493482 0.895369 0.457461 0.873070 0.452316 0.838765 0.452316 0.794168 0.479760 0.775300 0.526072 0.768439
0 0.616981 0.749571 0.639280 0.765009 0.673585 0.825043 0.635849 0.857633 0.582676 0.876501 0.555232 0.837050 0.555232 0.790738 0.580961 0.759863
0 0.507204 0.641509 0.563808 0.691252 0.567238 0.732419 0.514065 0.758148 0.479760 0.759863 0.445455 0.742710 0.431732 0.708405 0.431732 0.679245 0.472899 0.658662 0.498628 0.650086
0 0.699314 0.662093 0.713036 0.728988 0.673585 0.761578 0.613551 0.739280 0.589537 0.718696 0.580961 0.672384 0.616981 0.648371 0.665009 0.658662
0 0.539794 0.910806 0.567238 0.917667 0.568954 0.946827 0.544940 0.989708 0.476329 1.000000 0.431732 0.991424 0.402573 0.957118 0.409434 0.926244 0.435163 0.903945 0.478045 0.895369 0.527787 0.905660
0 0.297942 0.982847 0.318525 0.926244 0.366552 0.912521 0.376844 0.957118 0.369983 0.984563 0.333962 0.987993
