0 0.086929 0.210660 0.130076 0.184010 0.113579 0.138325 0.092005 0.090102 0.057741 0.118020 0.027284 0.153553 0.000000 0.168782 0.055203 0.204315
0 0.004442 0.148477 0.031091 0.138325 0.052665 0.112944 0.047589 0.088832 0.024746 0.072335 0.004442 0.082487
0 0.074239 0.039340 0.122462 0.085025 0.135152 0.095178 0.175761 0.098985 0.216371 0.076142 0.249365 0.045685 0.259518 0.003807 0.055203 0.003807
0 0.751904 0.003807 0.642766 0.024112 0.657995 0.093909 0.715101 0.093909 0.803934 0.093909 0.814086 0.034264
0 0.809010 0.192893 0.888959 0.196700 0.904188 0.229695 0.900381 0.329949 0.876269 0.368020 0.795051 0.350254 0.743020 0.322335 0.740482 0.274112 0.758249 0.218274
0 0.900381 0.480964 0.918147 0.445431 0.960025 0.461929 0.953680 0.506345 0.948604 0.526650 0.930838 0.555838 0.872462 0.564721 0.847081 0.521574 0.849619 0.491117
0 0.918147 0.574873 0.981599 0.534264 0.994289 0.543147 1.000000 0.687817 0.962563 0.699239 0.929569 0.687817 0.902919 0.663706
0 0.897843 0.574873 0.861041 0.586294 0.850888 0.602792 0.849619 0.649746 0.906726 0.639594
0 0.075508 0.393401 0.107234 0.387056 0.119924 0.360406 0.103426 0.328680 0.081853 0.323604 0.050127 0.359137
0 0.560279 0.289340 0.598350 0.303299 0.614848 0.257614 0.598350 0.213198 0.574239 0.200508 0.541244 0.222081 0.546320 0.261421
0 0.168147 0.782995 0.204949 0.760152 0.196066 0.709391 0.150381 0.705584 0.135152 0.724619 0.141497 0.747462
0 0.253173 0.631980 0.298858 0.648477 0.331853 0.628173 0.350888 0.591371 0.328046 0.567259 0.292513 0.571066 0.262056 0.588832 0.250635 0.602792 0.259518 0.637056
0 0.111041 0.709391 0.145305 0.687817 0.145305 0.629442 0.098350 0.631980 0.069162 0.661168 0.065355 0.684010
