0 0.000389 0.118677 0.002335 0.494163 0.085992 0.496109 0.138521 0.373541 0.119066 0.342412 0.159922 0.301556 0.194942 0.254864 0.159922 0.239300 0.165759 0.196498 0.072374 0.186770
0 0.212451 0.241245 0.218288 0.180934 0.249416 0.142023 0.296109 0.140078 0.389494 0.155642 0.408949 0.198444 0.434241 0.235409 0.418677 0.285992 0.480934 0.289883 0.469261 0.359922 0.422568 0.365759 0.434241 0.429961 0.389494 0.472763 0.403113 0.511673 0.370039 0.535019 0.309728 0.490272 0.259144 0.490272 0.146304 0.562257 0.087938 0.496109 0.146304 0.371595 0.130739 0.344358
0 0.994553 0.663424 0.947860 0.665370 0.922568 0.675097 0.910895 0.708171 0.918677 0.752918 0.940078 0.774319 1.000000 0.784047
0 0.434241 0.198444 0.465370 0.149805 0.539300 0.124514 0.578210 0.110895 0.615175 0.134241 0.580156 0.175097 0.582101 0.214008 0.537354 0.266537 0.500389 0.268482 0.480934 0.278210 0.428405 0.274319 0.443969 0.235409
0 0.243580 0.070039 0.335019 0.089494 0.387549 0.060311 0.434241 0.033074 0.403113 0.000000 0.187160 0.000000
0 0.010117 0.089494 0.054864 0.075875 0.072374 0.042802 0.113230 0.062257 0.126848 0.001946 0.002335 0.000000
0 0.887549 0.515564 0.930350 0.542802 0.947860 0.593385 0.951751 0.628405 0.907004 0.645914 0.881712 0.645914 0.877821 0.603113 0.862257 0.556420 0.860311 0.527237
0 0.263035 0.758755 0.391440 0.741245 0.440078 0.741245 0.442023 0.774319 0.461479 0.811284 0.442023 0.836576 0.477043 0.865759 0.453697 0.894942 0.461479 0.931907 0.407004 0.992218 0.192996 0.996109 0.161868 0.922179 0.196887 0.850195 0.210506 0.789883
0 0.015953 0.998055 0.185214 0.992218 0.154086 0.926070 0.157977 0.896887 0.107393 0.887160 0.091829 0.914397 0.066537 0.939689 0.031518 0.961089
0 0.657977 0.797665 0.702724 0.828794 0.702724 0.877432 0.726070 0.908560 0.687160 0.939689 0.646304 0.937743 0.632685 0.920233 0.595720 0.920233 0.599611 0.846304
0 0.550973 1.000000 0.646304 0.998055 0.642412 0.941634 0.630739 0.929961 0.601556 0.929961 0.584047 0.955253
0 0.480934 0.941634 0.473152 0.906615 0.504280 0.896887 0.537354 0.920233 0.535409 0.980545 0.514008 0.988327 0.447860 0.990272
