0 0.155773 0.000710 0.075844 0.093073 0.027886 0.173002 0.061634 0.249378 0.104263 0.276021 0.173535 0.226288 0.296092 0.190764 0.336945 0.146359 0.308526 0.084192 0.198401 0.000710
0 0.352931 0.155240 0.393783 0.204973 0.461279 0.187211 0.521670 0.157016 0.518117 0.089520 0.512789 0.009591 0.457727 0.000000 0.370693 0.013144 0.322735 0.077087
0 0.329840 0.199645 0.317407 0.279574 0.281883 0.320426 0.230373 0.339964 0.180639 0.336412 0.152220 0.290231 0.150444 0.231616 0.294316 0.187211
0 0.246359 0.416341 0.336945 0.487389 0.407993 0.450089 0.411545 0.345293 0.450622 0.274245 0.393783 0.231616 0.344050 0.222735 0.257016 0.318650
0 0.564298 0.339964 0.649556 0.398579 0.622913 0.471403 0.633570 0.528242 0.509236 0.528242 0.463055 0.446536 0.468384 0.398579
0 0.907105 0.705861 0.756128 0.737833 0.667318 0.769805 0.633570 0.860391 0.646004 0.981172 0.733037 1.000000 0.983481 0.993606 0.994139 0.908348 0.979929 0.835524 0.971048 0.757371
0 0.463055 0.720071 0.574956 0.579751 0.583837 0.537123 0.455950 0.467851 0.388455 0.496270 0.326288 0.549556 0.331616 0.551332 0.349378 0.602842
0 0.281883 0.565542 0.191297 0.597513 0.177087 0.665009 0.194849 0.723623 0.265897 0.727176 0.296092 0.684547 0.324512 0.650799 0.301421 0.606394
0 0.345826 0.682771 0.283659 0.693428 0.276554 0.748490 0.303197 0.764476 0.356483 0.766252 0.368917 0.737833
0 0.647780 0.615275 0.553641 0.641918 0.484369 0.695204 0.525222 0.787567 0.571403 0.833748 0.622913 0.794671 0.690409 0.766252 0.681528 0.666785
