0 0.026480 0.110592 0.161994 0.152648 0.126168 0.253894 0.046729 0.370717 0.017134 0.358255 0.012461 0.112150
0 0.252336 0.227414 0.169782 0.219626 0.160436 0.271028 0.179128 0.353583 0.269470 0.323988 0.280374 0.241433
0 0.010903 0.381620 0.115265 0.380062 0.138629 0.414330 0.119938 0.487539 0.091900 0.517134 0.028037 0.532710 0.000000 0.431464
0 0.817757 0.928349 0.850467 0.876947 0.894081 0.820872 0.833333 0.769470 0.786604 0.792835 0.757009 0.847352 0.802181 0.880062
0 0.839564 0.618380 0.878505 0.595016 0.904984 0.565421 0.898754 0.498442 0.844237 0.495327 0.789720 0.535826 0.808411 0.595016
0 0.993769 0.630841 0.957944 0.647975 0.915888 0.593458 0.915888 0.543614 0.982866 0.470405
0 0.883178 0.342679 0.934579 0.288162 0.908100 0.210280 0.889408 0.196262 0.827103 0.233645 0.800623 0.275701 0.847352 0.322430
0 0.992212 0.359813 0.945483 0.319315 0.965732 0.250779 0.975078 0.221184
0 0.894081 0.000000 0.909657 0.040498 0.833333 0.107477 0.785047 0.068536 0.732087 0.021807 0.741433 0.010903
0 0.381620 0.666667 0.404984 0.679128 0.440810 0.696262 0.401869 0.710280 0.373832 0.699377 0.359813 0.688474
