0 0.292835 0.802181 0.188474 0.742991 0.149533 0.739875 0.098131 0.795950 0.101246 0.869159 0.161994 0.897196 0.264798 0.887850
0 0.211838 0.995327 0.185358 0.926791 0.096573 0.903427 0.028037 0.875389 0.000000 0.909657 0.009346 0.996885
0 0.595016 0.906542 0.660436 0.870717 0.674455 0.802181 0.651090 0.781931 0.644860 0.741433 0.580997 0.735202 0.566978 0.764798 0.504673 0.778816 0.526480 0.847352 0.531153 0.900312
0 0.992212 0.898754 0.947040 0.873832 0.943925 0.831776 0.970405 0.786604 0.992212 0.775701
0 0.956386 0.576324 0.965732 0.545171 0.959502 0.534268 0.934579 0.538941 0.934579 0.557632
0 0.783489 0.556075 0.797508 0.528037 0.766355 0.509346 0.747664 0.517134 0.750779 0.538941
0 0.626168 0.557632 0.621495 0.528037 0.582555 0.524922 0.574766 0.545171
0 0.431464 0.557632 0.425234 0.532710 0.403427 0.531153 0.397196 0.559190
0 0.246106 0.556075 0.232087 0.520249 0.214953 0.524922
0 0.054517 0.546729 0.062305 0.512461 0.020249 0.510903 0.012461 0.535826
0 0.059190 0.241433 0.051402 0.188474 0.023364 0.190031 0.018692 0.219626
0 0.417445 0.228972 0.433022 0.207165 0.408100 0.197819 0.401869 0.213396
0 0.760125 0.225857 0.789720 0.221184 0.788162 0.204050 0.747664 0.207165
0 0.143302 0.004673 0.133956 0.023364 0.109034 0.007788
0 0.964174 0.199377 0.943925 0.204050 0.945483 0.221184 0.993769 0.238318 0.976636 0.204050
