0 0.658436 0.002058 0.681070 0.020576 0.689300 0.045267 0.676955 0.078189 0.668724 0.113169 0.654321 0.144033 0.627572 0.156379 0.590535 0.154321 0.557613 0.156379 0.530864 0.150206 0.500000 0.135802 0.477366 0.111111 0.452675 0.082305 0.432099 0.061728 0.419753 0.030864 0.427984 0.004115
0 0.199588 0.051440 0.226337 0.072016 0.238683 0.102881 0.238683 0.117284 0.222222 0.141975 0.199588 0.152263 0.179012 0.152263 0.148148 0.150206 0.125514 0.135802 0.125514 0.090535 0.133745 0.063786 0.168724 0.049383
0 0.080247 0.080247 0.100823 0.092593 0.106996 0.117284 0.106996 0.139918 0.088477 0.158436 0.059671 0.172840 0.034979 0.164609 0.016461 0.141975 0.022634 0.115226 0.045267 0.090535
0 0.004115 0.514403 0.022634 0.522634 0.039095 0.541152 0.055556 0.569959 0.059671 0.602881 0.065844 0.635803 0.069959 0.668724 0.059671 0.703704 0.047325 0.740741 0.026749 0.757202 0.002058 0.771605
0 0.139918 0.545268 0.156379 0.555556 0.174897 0.572016 0.174897 0.596708 0.164609 0.619342 0.154321 0.644033 0.135802 0.652263 0.115226 0.652263 0.094650 0.635803 0.080247 0.623457 0.088477 0.600823 0.096708 0.574074 0.106996 0.553498
0 0.150206 0.915638 0.176955 0.899177 0.211934 0.901235 0.236626 0.923868 0.242798 0.948560 0.242798 0.973251 0.218107 0.991770 0.187243 0.993827 0.154321 0.989712 0.139918 0.965021
0 0.201646 0.777778 0.181070 0.757202 0.166667 0.736625 0.158436 0.705761 0.164609 0.672839 0.179012 0.646091 0.197531 0.619342 0.207819 0.600823 0.238683 0.600823 0.261317 0.604938 0.304527 0.615226 0.329218 0.627572 0.347737 0.652263 0.355967 0.670782 0.339506 0.718107 0.329218 0.740741 0.302469 0.769547 0.259259 0.779835
0 0.360082 0.808642 0.358025 0.769547 0.358025 0.718107 0.366255 0.691358 0.388889 0.666667 0.417695 0.646091 0.448560 0.639918 0.479424 0.635803 0.518519 0.637860 0.555556 0.656379 0.574074 0.674897 0.586420 0.709877 0.586420 0.744856 0.572016 0.777778 0.553498 0.806584 0.524691 0.837449 0.495885 0.864197 0.462963 0.868313 0.436214 0.868313 0.395062 0.858025 0.374486 0.839506
0 0.452675 0.899177 0.454733 0.923868 0.450617 0.948560 0.436214 0.975309 0.419753 0.995885 0.312757 0.995885 0.290123 0.971193 0.286008 0.942387 0.298354 0.909465 0.318930 0.886831 0.331276 0.880658 0.366255 0.878601 0.388889 0.878601 0.423868 0.882716
0 0.997942 0.981481 0.987654 0.967078 0.967078 0.944444 0.948560 0.919753 0.934156 0.890946 0.923868 0.860082 0.915638 0.829218 0.919753 0.802469 0.927984 0.781893 0.940329 0.759259 0.960905 0.732510 0.979424 0.718107 1.000000 0.720165
0 0.658436 0.783951 0.685185 0.765432 0.713992 0.757202 0.738683 0.759259 0.767490 0.771605 0.790123 0.786008 0.810700 0.806584 0.818930 0.831276 0.829218 0.864197 0.833333 0.886831 0.835391 0.932099 0.831276 0.960905 0.820988 0.989712 0.788066 1.000000 0.668724 0.991770 0.654321 0.973251 0.644033 0.938272 0.639918 0.901235 0.637860 0.851852 0.644033 0.818930
0 0.452675 0.993827 0.462963 0.942387 0.473251 0.903292 0.497942 0.878601 0.522634 0.858025 0.543210 0.833333 0.563786 0.820988 0.586420 0.814815 0.627572 0.814815 0.629630 0.870370 0.637860 0.934156 0.650206 0.993827
0 0.997942 0.559671 0.981481 0.569959 0.958848 0.569959 0.934156 0.557613 0.921811 0.537037 0.919753 0.512346 0.930041 0.489712 0.952675 0.479424 0.977366 0.471193 0.997942 0.477366
0 0.911523 0.372428 0.921811 0.399177 0.915638 0.419753 0.909465 0.444444 0.893004 0.450617 0.866255 0.450617 0.847737 0.436214 0.847737 0.413580 0.851852 0.390947 0.876543 0.368313
0 0.965021 0.401235 0.983539 0.421811 0.985597 0.446502 0.979424 0.462963 0.958848 0.469136 0.932099 0.481481 0.913580 0.469136 0.913580 0.438272 0.919753 0.415638 0.934156 0.405350
0 0.886831 0.491770 0.862140 0.491770 0.847737 0.475309 0.860082 0.454733 0.897119 0.450617 0.901235 0.473251
0 0.767490 0.746914 0.781893 0.724280 0.800412 0.716049 0.820988 0.730453 0.825103 0.755144 0.851852 0.740741 0.872428 0.730453 0.890946 0.742798 0.890946 0.763375 0.876543 0.777778 0.870370 0.802469 0.886831 0.833333 0.888889 0.855967 0.878601 0.878601 0.855967 0.880658 0.837449 0.860082 0.812757 0.794239 0.779835 0.769547
