0 0.000365 0.441606 0.016788 0.458029 0.148175 0.385036 0.175547 0.299270 0.241241 0.255474 0.263139 0.167883 0.252190 0.071168 0.201095 0.087591 0.157299 0.054745 0.049635 0.102190 0.004015 0.127737
0 0.004015 0.000000 0.000000 0.085766 0.029562 0.109489 0.157299 0.049270 0.201095 0.003650
0 0.004015 0.799270 0.075182 0.854015 0.133577 0.914234 0.108029 0.978102 0.004015 0.976277
0 0.175547 0.990876 0.244890 0.945256 0.297810 1.000000 0.182847 1.000000
0 0.544161 0.795620 0.613504 0.791971 0.704745 0.817518 0.693796 0.852190 0.715693 0.861314 0.699270 0.910584 0.653650 0.978102 0.618978 1.000000 0.580657 0.990876 0.520438 0.937956 0.494890 0.861314
0 0.409124 0.459854 0.556934 0.461679 0.578832 0.547445 0.613504 0.554744 0.584307 0.675183 0.622628 0.724453 0.582482 0.770073 0.514963 0.771898 0.434672 0.757299 0.392701 0.729927 0.339781 0.658759 0.310584 0.572993
0 0.535036 0.237226 0.721168 0.098540 0.777737 0.125912 0.766788 0.306569 0.706569 0.405109 0.595255 0.468978 0.531387 0.395985
0 0.870803 0.200730 0.770438 0.239051 0.754015 0.421533 0.799635 0.452555 0.916423 0.375912 0.952920 0.282847
0 0.900000 0.479927 0.859854 0.416058 0.918248 0.370438 0.952920 0.286496 0.998540 0.326642 0.987591 0.441606
0 0.651825 0.518248 0.719343 0.456204 0.785036 0.472628 0.843431 0.452555 0.887226 0.501825 0.836131 0.611314 0.792336 0.658759 0.708394 0.675183 0.631752 0.633212
0 0.994891 0.463504 0.905474 0.520073 0.865328 0.609489 0.865328 0.733577 0.941971 0.781022 0.996715 0.791971
