0 0.003620 0.902510 0.018098 0.912162 0.060328 0.880791 0.098938 0.920608 0.126689 0.881998 0.167712 0.865106 0.176158 0.840975 0.153234 0.798745 0.164093 0.757722 0.154440 0.738417 0.132722 0.738417 0.136342 0.713079 0.090492 0.720319 0.062741 0.726351 0.027751 0.738417 0.001207 0.773407
0 0.065154 0.225627 0.125483 0.246139 0.184604 0.206322 0.202703 0.153234 0.173745 0.090492 0.115830 0.067568 0.066361 0.084459 0.039817 0.144788
0 0.288369 0.222008 0.324566 0.218388 0.372828 0.182191 0.384894 0.101351 0.333012 0.054295 0.272683 0.082046 0.236486 0.143581 0.240106 0.168919
0 0.368002 0.054295 0.412645 0.065154 0.429537 0.032577 0.409025 0.001207 0.376448 0.002413
0 0.395753 0.218388 0.430743 0.283542 0.511583 0.319739 0.582770 0.295608 0.615347 0.250965 0.602075 0.162886 0.532095 0.133929 0.485039 0.136342 0.436776 0.123069 0.396959 0.156853
0 0.880791 0.480212 0.916988 0.477799 0.913369 0.439189 0.888031 0.429537 0.869932 0.448842
0 0.780647 0.206322 0.838562 0.206322 0.872346 0.152027 0.856660 0.078427 0.799952 0.060328 0.739624 0.104971 0.719112 0.113417 0.729971 0.174952 0.752896 0.189430
0 0.997828 0.279923 0.968871 0.294402 0.962838 0.325772 0.976110 0.347490 1.000000 0.365589
0 0.748070 0.304054 0.781853 0.345077 0.848214 0.369208 0.898890 0.289575 0.900096 0.212355 0.849421 0.208736 0.793919 0.229247 0.786680 0.271477 0.757722 0.277510
0 0.248552 0.842181 0.298021 0.838562 0.310087 0.802365 0.290782 0.758929 0.241313 0.791506
0 0.818855 0.884813 0.851030 0.884813 0.871943 0.865508 0.897683 0.860682 0.876770 0.831725 0.836551 0.828507 0.815637 0.852638
