0 0.764494 0.404803 0.822813 0.463122 0.850257 0.512865 0.839966 0.581475 0.817667 0.636364 0.757633 0.622642 0.678731 0.596913 0.640995 0.560892 0.625557 0.507719 0.625557 0.444254 0.678731 0.430532 0.745626 0.409949
0 0.623842 0.219554 0.623842 0.156089 0.665009 0.130360 0.718182 0.140652 0.761063 0.183533 0.774786 0.217839 0.761063 0.288165 0.694168 0.300172 0.632419 0.291595 0.616981 0.255575
0 0.570669 0.464837 0.613551 0.545455 0.603259 0.600343 0.548370 0.646655 0.464322 0.658662 0.378559 0.660377 0.344254 0.615780 0.320240 0.519726 0.332247 0.456261 0.388851 0.415094 0.466038 0.418525 0.527787 0.437393
0 0.591252 0.675815 0.604974 0.763293 0.572384 0.807890 0.493482 0.802744 0.447170 0.746141 0.467753 0.694683 0.500343 0.663808 0.546655 0.663808
0 0.654717 0.624357 0.658147 0.684391 0.625557 0.725557 0.603259 0.710120 0.603259 0.663808 0.623842 0.632933
0 0.448885 0.674100 0.452316 0.701544 0.435163 0.739280 0.388851 0.718696 0.402573 0.684391 0.433448 0.670669
0 0.231046 0.361921 0.177873 0.329331 0.191595 0.295026 0.231046 0.264151 0.260206 0.293310 0.273928 0.312178 0.253345 0.351630
0 0.249914 0.257290 0.268782 0.240137 0.297942 0.253859 0.280789 0.274443 0.256775 0.279588
0 0.297942 0.276158 0.316810 0.259005 0.340823 0.276158 0.339108 0.303602 0.321955 0.320755 0.294511 0.308748 0.277358 0.284734
0 0.328816 0.344768 0.308233 0.353345 0.291081 0.331046 0.313379 0.327616
0 0.368268 0.389365 0.332247 0.373928 0.342539 0.327616 0.361407 0.296741 0.381990 0.303602 0.390566 0.324185 0.390566 0.358491 0.385420 0.380789
0 0.369983 0.272727 0.390566 0.259005 0.407719 0.276158 0.402573 0.295026 0.392281 0.296741 0.369983 0.284734
0 0.411149 0.377358 0.411149 0.327616 0.424871 0.305317 0.436878 0.286449 0.469468 0.286449 0.488336 0.300172 0.503774 0.315609 0.508919 0.332762 0.505489 0.360206 0.488336 0.370497 0.479760 0.396226 0.459177 0.403087 0.433448 0.391081 0.424871 0.392796
0 0.580961 0.308748 0.589537 0.334477 0.536364 0.367067 0.520926 0.358491 0.514065 0.327616 0.520926 0.296741 0.553516 0.281304 0.575815 0.300172
0 0.586106 0.353345 0.594683 0.372213 0.589537 0.384220 0.568954 0.389365 0.558662 0.375643 0.575815 0.361921
0 0.514065 0.375643 0.532933 0.389365 0.534648 0.408233 0.524357 0.416810 0.488336 0.411664 0.483190 0.391081 0.493482 0.372213
0 0.632419 0.319039 0.653002 0.349914 0.651286 0.385935 0.625557 0.387650 0.596398 0.373928 0.596398 0.373928 0.592967 0.348199 0.616981 0.315609
0 0.685592 0.320755 0.707890 0.360206 0.692453 0.389365 0.665009 0.377358 0.649571 0.344768 0.651286 0.319039
0 0.709605 0.334477 0.726758 0.363636 0.752487 0.355060 0.754202 0.324185 0.730189 0.300172 0.704460 0.312178
0 0.913722 0.296741 0.906861 0.370497 0.932590 0.401372 0.918868 0.451115 0.865695 0.457976 0.831389 0.444254 0.786792 0.411664 0.747341 0.372213 0.757633 0.348199 0.766209 0.307033 0.761063 0.284734 0.802230 0.269297 0.850257 0.276158
0 0.985763 0.156089 0.953173 0.176672 0.927444 0.240137 0.953173 0.264151 0.973756 0.274443 0.994340 0.284734 1.000000 0.281304 0.994340 0.204117
0 0.858834 0.010292 0.803945 0.027444 0.786792 0.077187 0.798799 0.142367 0.846827 0.183533 0.908576 0.192110 0.960034 0.164666 0.996055 0.102916 0.994340 0.037736 0.975472 0.005146 0.932590 0.005146
0 0.740480 0.108062 0.776501 0.121784 0.802230 0.142367 0.815952 0.162950 0.857118 0.190395 0.918868 0.204117 0.925729 0.217839 0.912007 0.265866 0.879417 0.272727 0.815952 0.265866 0.785077 0.252144 0.774786 0.210978 0.764494 0.181818 0.747341 0.154374 0.737050 0.130360
0 0.289365 0.451115 0.237907 0.485420 0.232762 0.533448 0.253345 0.574614 0.301372 0.581475 0.316810 0.560892 0.320240 0.526587 0.316810 0.492281 0.313379 0.463122
0 0.020069 0.024014 0.068096 0.090909 0.076672 0.159520 0.047513 0.185249 0.011492 0.209262 0.000000 0.197256 0.000000 0.135506 0.011492 0.048027
