0 0.759144 0.015564 0.675486 0.054475 0.640467 0.083658 0.654086 0.128405 0.683268 0.188716 0.706615 0.212062 0.737743 0.202335 0.768872 0.210117 0.807782 0.177043 0.827237 0.103113 0.803891 0.044747
0 0.805837 0.005837 0.969261 0.001946 0.988716 0.046693 0.969261 0.093385 0.932296 0.097276 0.887549 0.083658 0.879767 0.114786 0.833074 0.114786 0.817510 0.052529
0 0.957588 0.221790 1.000000 0.208171 1.000000 0.322957 0.967315 0.317121 0.924514 0.258755 0.924514 0.231518
0 0.167704 0.350195 0.119066 0.400778 0.091829 0.420233 0.107393 0.472763 0.146304 0.503891 0.198833 0.523346 0.216342 0.472763 0.263035 0.505837 0.305837 0.433852 0.259144 0.402724 0.253307 0.363813 0.222179 0.326848
0 0.239689 0.313230 0.286381 0.289883 0.333074 0.321012 0.315564 0.377432 0.270817 0.373541
0 0.420623 0.396887 0.393385 0.418288 0.350584 0.416342 0.307782 0.422179 0.309728 0.453307 0.307782 0.496109 0.311673 0.515564 0.305837 0.536965 0.352529 0.568093 0.389494 0.550584 0.420623 0.579767 0.449805 0.550584 0.459533 0.548638 0.492607 0.550584 0.506226 0.519455 0.506226 0.476654 0.480934 0.453307 0.455642 0.416342
0 0.286381 0.548638 0.272763 0.562257 0.243580 0.573930 0.216342 0.579767 0.228016 0.622568 0.218288 0.673152 0.245525 0.700389 0.233852 0.725681 0.245525 0.743191 0.294163 0.758755 0.368093 0.743191 0.389494 0.717899 0.408949 0.677043 0.379767 0.643969 0.401167 0.620623 0.414786 0.583658 0.389494 0.558366 0.352529 0.575875
0 0.002335 0.645914 0.031518 0.649805 0.037354 0.675097 0.066537 0.675097 0.070428 0.696498 0.058755 0.723735 0.076265 0.735409 0.072374 0.770428 0.064591 0.803502 0.023735 0.791829 0.012062 0.850195 0.000389 0.840467
0 0.010117 0.912451 0.085992 0.838521 0.109339 0.789883 0.140467 0.799611 0.169650 0.844358 0.198833 0.869650 0.212451 0.914397 0.212451 0.955253 0.175486 0.998055 0.000389 0.994163
0 0.196887 0.998055 0.338911 1.000000 0.276654 0.955253 0.243580 0.928016 0.222179 0.929961
0 0.512062 0.994163 0.667704 0.992218 0.650195 0.963035 0.663813 0.943580 0.644358 0.912451 0.626848 0.887160 0.607393 0.879377 0.515953 0.914397 0.515953 0.937743 0.510117 0.951362 0.512062 0.970817
0 0.994553 0.686770 1.000000 0.873541 0.945914 0.807393 0.916732 0.754864 0.947860 0.700389 0.975097 0.678988
0 0.996498 0.910506 1.000000 0.994163 0.908949 0.994163 0.903113 0.976654 0.916732 0.939689 0.945914 0.918288
0 0.323346 0.291829 0.348638 0.276265 0.352529 0.249027 0.370039 0.239300 0.399222 0.254864 0.412840 0.274319 0.410895 0.305447 0.366148 0.307393 0.368093 0.322957 0.352529 0.322957 0.335019 0.328794 0.333074 0.315175
0 0.891440 0.391051 0.860311 0.418288 0.844747 0.428016 0.850584 0.459144 0.875875 0.484436 0.912840 0.492218 0.942023 0.447471 0.949805 0.424125 0.905058 0.408560
