0 0.128102 0.074818 0.177372 0.045620 0.193796 0.074818 0.170073 0.122263 0.133577 0.094891
0 0.022263 0.158759 0.045985 0.162409 0.055109 0.187956 0.033212 0.198905 0.013139 0.186131
0 0.173723 0.224453 0.208394 0.226277 0.208394 0.264599 0.170073 0.268248 0.164599 0.242701
0 0.295985 0.312044 0.319708 0.315693 0.352555 0.335766 0.328832 0.381387 0.285036 0.366788 0.266788 0.328467
0 0.469343 0.425182 0.507664 0.423358 0.525912 0.448905 0.496715 0.487226 0.485766 0.525547 0.436496 0.503650 0.445620 0.456204
0 0.774088 0.364964 0.801460 0.354015 0.836131 0.372263 0.836131 0.416058 0.799635 0.432482 0.775912 0.408759
0 0.894526 0.343066 0.934672 0.385036 0.929197 0.452555 0.878102 0.461679 0.847080 0.432482 0.847080 0.374088
0 0.755839 0.722628 0.690146 0.640511 0.628102 0.673358 0.655474 0.744526 0.715693 0.781022 0.748540 0.759124
0 0.759489 0.819343 0.671898 0.866788 0.595255 0.917883 0.637226 0.996350 0.737591 0.996350 0.794161 0.897810
0 0.806934 1.000000 0.819708 0.917883 0.892701 0.839416 0.929197 0.817518 0.991241 0.850365 0.996715 1.000000
