0 0.439259 0.570370 0.442963 0.607407 0.463333 0.644444 0.467037 0.659259 0.467037 0.690741 0.467037 0.724074 0.418889 0.761111 0.413333 0.781482 0.411481 0.788889 0.404074 0.788889 0.394815 0.770370 0.381852 0.764815 0.374444 0.766667 0.359630 0.774074 0.346667 0.772222 0.335556 0.755556 0.331852 0.753704 0.318889 0.744444 0.304074 0.729630 0.300370 0.718518 0.292963 0.711111 0.289259 0.698148 0.296667 0.674074 0.313333 0.644444 0.333704 0.631482 0.335556 0.622222 0.335556 0.612963 0.341111 0.594444 0.346667 0.585185 0.354074 0.574074 0.368889 0.570370 0.389259 0.574074 0.411481 0.577778 0.433704 0.581482 0.455926 0.590741 0.463333 0.605556 0.448518 0.624074
0 0.776296 0.488889 0.772593 0.501852 0.754074 0.555556 0.750370 0.574074 0.748518 0.588889 0.737407 0.614815 0.735556 0.648148 0.735556 0.657407 0.733704 0.698148 0.731852 0.707407 0.730000 0.718518 0.744815 0.729630 0.744815 0.729630 0.759630 0.722222 0.774444 0.692593 0.776296 0.666667 0.785556 0.633333 0.787407 0.627778 0.794815 0.622222 0.818889 0.607407 0.833704 0.605556 0.839259 0.607407 0.846667 0.587037 0.850370 0.570370 0.848518 0.550000 0.844815 0.540741 0.842963 0.518519 0.818889 0.503704 0.811481 0.500000 0.796667 0.494444 0.791111 0.494444 0.787407 0.490741
0 0.800370 0.198148 0.809630 0.203704 0.817037 0.214815 0.817037 0.227778 0.811481 0.233333 0.785556 0.227778 0.781852 0.225926 0.780000 0.222222 0.780000 0.218519 0.780000 0.209259 0.780000 0.205556 0.781852 0.200000 0.791111 0.200000 0.791111 0.200000
0 0.787407 0.166667 0.781852 0.177778 0.763333 0.159259 0.754074 0.155556 0.754074 0.155556 0.754074 0.155556 0.739259 0.174074 0.742963 0.190741 0.742963 0.196296 0.744815 0.200000 0.765185 0.194444 0.776296 0.192593 0.787407 0.179630
0 0.722593 0.172222 0.709630 0.164815 0.705926 0.162963 0.698519 0.162963 0.685556 0.179630 0.685556 0.181481 0.687407 0.200000 0.691111 0.205556 0.702222 0.207407 0.715185 0.211111 0.722593 0.207407 0.726296 0.198148 0.728148 0.190741
0 0.587407 0.005556 0.728148 0.007407 0.717037 0.031481 0.707778 0.037037 0.691111 0.046296 0.680000 0.051852 0.661481 0.059259 0.646667 0.059259 0.633704 0.064815 0.617037 0.072222 0.605926 0.077778 0.589259 0.077778 0.581852 0.075926 0.580000 0.064815 0.581852 0.044444 0.581852 0.040741 0.585556 0.025926 0.587407 0.014815
0 0.563333 0.051852 0.544815 0.025926 0.535556 0.022222 0.524444 0.031481 0.517037 0.037037 0.474444 0.044444 0.467037 0.051852 0.470741 0.100000 0.472593 0.103704 0.465185 0.114815 0.468889 0.118519 0.483704 0.125926 0.509630 0.138889 0.522593 0.142593 0.546667 0.151852 0.559630 0.140741 0.570741 0.111111 0.578148 0.088889 0.580000 0.075926 0.574444 0.050000 0.572593 0.044444
0 0.281852 0.000000 0.280000 0.009259 0.280000 0.014815 0.280000 0.029630 0.280000 0.048148 0.278148 0.057407 0.281852 0.059259 0.294815 0.059259 0.302222 0.042593 0.309630 0.033333 0.313333 0.022222 0.315185 0.007407 0.315185 0.005556 0.315185 0.003704 0.311481 0.003704 0.300370 0.003704 0.294815 0.003704 0.292963 0.003704
0 0.050370 0.007407 0.048518 0.020370 0.046667 0.031481 0.041111 0.037037 0.039259 0.037037 0.035556 0.033333 0.018889 0.012963 0.018889 0.005556 0.018889 0.005556 0.031852 0.003704 0.037407 0.007407 0.039259 0.007407
0 0.130000 0.870370 0.144815 0.881482 0.152222 0.888889 0.165185 0.903704 0.168889 0.905556 0.170741 0.918518 0.159630 0.940741 0.159630 0.950000 0.128148 0.977778 0.122593 0.977778 0.118889 0.983333 0.096667 0.990741 0.080000 1.000000 0.080000 1.000000 0.080000 0.979630 0.081852 0.951852 0.070741 0.933333 0.050370 0.922222 0.039259 0.903704 0.041111 0.888889 0.067037 0.859259 0.085556 0.853704 0.096667 0.851852 0.113333 0.851852 0.128148 0.859259
0 0.441111 0.868518 0.463333 0.877778 0.500370 0.892593 0.522593 0.905556 0.522593 0.925926 0.522593 0.935185 0.522593 0.946296 0.537407 0.962963 0.530000 0.970370 0.528148 0.996296 0.528148 0.996296 0.492963 1.000000 0.446667 0.998148 0.418889 1.000000 0.381852 0.988889 0.381852 0.981481 0.381852 0.964815 0.380000 0.950000 0.383704 0.922222 0.389259 0.911111 0.402222 0.896296 0.424444 0.887037 0.431852 0.888889 0.433704 0.877778 0.433704 0.877778
0 0.874444 0.903704 0.876296 0.918518 0.889259 0.925926 0.898519 0.925926 0.902222 0.925926 0.928148 0.929630 0.933704 0.940741 0.931852 0.944444 0.911481 0.972222 0.905926 0.974074 0.885556 0.962963 0.878148 0.959259 0.878148 0.970370 0.878148 0.983333 0.874444 0.996296 0.861481 0.998148 0.826296 0.996296 0.798518 0.992593 0.798518 0.992593 0.794815 0.983333 0.789259 0.959259 0.780000 0.953704 0.767037 0.946296 0.757778 0.955556 0.750370 0.966667 0.744815 0.975926 0.704074 0.981481 0.704074 0.981481 0.689259 0.962963 0.683704 0.957407 0.672593 0.964815 0.648519 0.983333 0.646667 0.992593 0.641111 0.996296 0.635556 1.000000 0.618889 1.000000 0.578148 0.990741 0.563333 0.985185 0.555926 0.979630 0.544815 0.964815 0.546667 0.925926 0.559630 0.875926 0.559630 0.868518 0.561481 0.855556 0.568889 0.848148 0.585556 0.844444 0.605926 0.825926 0.633704 0.801852 0.661481 0.772222 0.657778 0.762963 0.655926 0.753704 0.663333 0.751852 0.663333 0.751852 0.711481 0.740741 0.733704 0.738889 0.742963 0.733333 0.742963 0.735185 0.759630 0.748148 0.761481 0.755556 0.765185 0.775926 0.765185 0.779630 0.770741 0.787037 0.805926 0.809259 0.813333 0.814815 0.818889 0.840741 0.818889 0.864815 0.824444 0.866667 0.857778 0.881482 0.867037 0.888889 0.865185 0.896296
