0 0.171340 0.007788 0.080997 0.021807 0.028037 0.004673
0 0.000000 0.004673 0.076324 0.029595 0.063863 0.077882 0.065421 0.107477 0.018692 0.133956
0 0.177570 0.127726 0.109034 0.154206 0.080997 0.211838 0.066978 0.238318 0.091900 0.294393 0.063863 0.331776 0.179128 0.420561 0.235203 0.366044 0.288162 0.320872 0.300623 0.252336 0.235203 0.196262
0 0.328660 0.257009 0.395639 0.204050 0.394081 0.093458 0.277259 0.080997 0.219626 0.080997 0.214953 0.157321 0.267913 0.211838
0 0.492212 0.004673 0.286604 0.009346 0.286604 0.080997 0.423676 0.090343 0.479751 0.051402
0 0.669782 0.091900 0.554517 0.068536 0.504673 0.116822 0.627726 0.202492 0.644860 0.300623 0.668224 0.364486 0.797508 0.383178 0.830218 0.277259 0.755452 0.207165
0 0.406542 0.221184 0.496885 0.121495 0.593458 0.188474 0.616822 0.271028 0.644860 0.352025 0.616822 0.434579 0.498442 0.411215 0.412773 0.299065 0.423676 0.224299
0 0.350467 0.890966 0.266355 0.792835 0.196262 0.870717 0.205607 0.959502 0.328660 0.965732
0 0.155763 0.990654 0.146417 0.933022 0.034268 0.853583 0.007788 0.931464 0.112150 0.954829 0.095016 0.987539
0 0.551402 0.978193 0.638629 0.942368 0.652648 0.852025 0.598131 0.805296 0.518692 0.805296 0.484424 0.855140 0.468847 0.937695
0 0.805296 0.003115 0.744548 0.076324 0.680685 0.096573 0.635514 0.043614 0.638629 0.000000
0 0.531153 0.697819 0.593458 0.615265 0.566978 0.514019 0.501558 0.489097 0.422118 0.493769 0.459502 0.637072 0.473520 0.671340
0 0.404984 0.415888 0.271028 0.523364 0.277259 0.552960 0.386293 0.517134 0.473520 0.464174
