0 0.582999 0.368474 0.580991 0.414659 0.617135 0.424699 0.643240 0.404618 0.651272 0.364458 0.617135 0.344377
0 0.384203 0.416667 0.432396 0.340361 0.412316 0.314257 0.454485 0.272088 0.327979 0.231928 0.283802 0.250000 0.253681 0.324297 0.253681 0.384538 0.271754 0.436747 0.319946 0.444779 0.338019 0.416667
0 0.002677 0.741968 0.048862 0.725904 0.066934 0.705823 0.050870 0.627510 0.139224 0.599398 0.147256 0.557229 0.119143 0.474900 0.016734 0.472892 0.000000 0.486948
0 0.072958 0.745984 0.135207 0.758032 0.185408 0.774096 0.235609 0.766064 0.291834 0.707831 0.287818 0.629518 0.275770 0.563253 0.207497 0.541165 0.179384 0.577309 0.133199 0.605422 0.054886 0.625502
0 0.502677 0.067269 0.524766 0.061245 0.540830 0.039157 0.518742 0.000000 0.482597 0.000000 0.476573 0.039157
0 0.486613 0.432731 0.424364 0.424699 0.412316 0.384538 0.444444 0.354418 0.486613 0.380522
0 0.400268 0.653614 0.460509 0.653614 0.492637 0.637550 0.504685 0.587349 0.488621 0.545181 0.422356 0.545181 0.354083 0.571285
0 0.500669 0.472892 0.476573 0.545181 0.416332 0.543173 0.376171 0.527108 0.348059 0.480924 0.370147 0.432731 0.408300 0.420683 0.476573 0.432731
0 0.846051 0.838353 0.779786 0.836345 0.743641 0.778112 0.717537 0.745984 0.757697 0.731928 0.729585 0.629518 0.779786 0.601406 0.842035 0.575301 0.894244 0.613454 0.894244 0.653614 0.922356 0.673695 0.922356 0.713855 0.942436 0.733936 0.946452 0.762048 0.874163 0.778112
0 0.926372 0.930723 0.890228 0.886546 0.886212 0.838353 0.896252 0.798193 0.948460 0.782129 0.978581 0.764056 1.000000 0.798193 1.000000 0.942771 0.914324 0.930723
0 0.673360 0.725904 0.681392 0.685743 0.605087 0.643574 0.508701 0.637550 0.460509 0.689759 0.486613 0.743976 0.520750 0.774096 0.585007 0.814257 0.637215 0.810241 0.677376 0.766064
0 0.392236 0.914659 0.456493 0.952811 0.482597 0.914659 0.524766 0.854418 0.578983 0.830321 0.574966 0.802209 0.476573 0.743976 0.424364 0.766064 0.388220 0.824297 0.390228 0.874498
0 0.659304 0.998996 0.661312 0.966868 0.627175 0.936747 0.629183 0.888554 0.582999 0.882530 0.546854 0.912651 0.502677 0.942771 0.462517 0.944779 0.434404 0.972892 0.450469 0.994980
0 0.611111 0.854418 0.607095 0.880522 0.572958 0.892570 0.510709 0.940763 0.476573 0.946787 0.502677 0.890562 0.530790 0.842369 0.582999 0.818273
0 0.647256 0.641566 0.683400 0.637550 0.701473 0.627510 0.657296 0.569277 0.629183 0.603414
0 0.621151 0.565261 0.597055 0.545181 0.605087 0.525100 0.568942 0.478916 0.554886 0.531125 0.528782 0.537149 0.500669 0.557229 0.510709 0.605422 0.538822 0.589357 0.564926 0.633534 0.603079 0.641566 0.631191 0.629518
