0 0.361371 0.275701 0.476636 0.253894 0.481308 0.113707 0.408100 0.038941 0.274143 0.034268 0.241433 0.107477 0.227414 0.179128
0 0.389408 0.364486 0.294393 0.375389 0.249221 0.462617 0.277259 0.582555 0.347352 0.616822 0.401869 0.596573 0.478193 0.510903 0.465732 0.398754 0.397196 0.367601 0.381620 0.362928
0 0.004673 0.884735 0.046729 0.895639 0.104361 0.925234 0.119938 0.993769 0.007788 0.992212
0 0.278816 0.990654 0.208723 0.933022 0.174455 0.931464 0.133956 0.950156 0.130841 0.981308
0 0.381620 0.950156 0.429907 0.875389 0.457944 0.763240 0.372274 0.733645 0.278816 0.777259 0.271028 0.844237 0.294393 0.933022
0 0.727414 0.123053 0.693146 0.127726 0.696262 0.165109 0.707165 0.176012 0.742991 0.147975
0 0.738318 0.319315 0.702492 0.278816 0.682243 0.299065 0.677570 0.339564 0.688474 0.367601 0.718069 0.356698
0 0.747664 0.470405 0.707165 0.451713 0.686916 0.471963 0.683801 0.503115 0.700935 0.524922 0.730530 0.526480 0.744548 0.498442
0 0.738318 0.657321 0.718069 0.633956 0.686916 0.654206 0.688474 0.690031 0.728972 0.700935 0.741433 0.665109
0 0.750779 0.827103 0.722741 0.794393 0.691589 0.806854 0.697819 0.839564 0.719626 0.872274 0.757009 0.844237
0 0.557632 0.233645 0.484424 0.219626 0.484424 0.283489 0.515576 0.317757 0.580997 0.292835
0 0.554517 0.445483 0.531153 0.398754 0.498442 0.423676 0.479751 0.479751 0.507788 0.512461 0.551402 0.470405
0 0.526480 0.591900 0.492212 0.609034 0.462617 0.649533 0.478193 0.704050 0.523364 0.722741 0.554517 0.680685 0.566978 0.638629
0 0.549844 0.805296 0.506231 0.791277 0.479751 0.839564 0.492212 0.909657 0.537383 0.904984 0.563863 0.822430
0 0.914330 0.325545 0.883178 0.257009 0.827103 0.286604 0.822430 0.376947 0.864486 0.344237
