0 0.136707 0.734134 0.196741 0.751286 0.227616 0.789022 0.210463 0.826758 0.177873 0.843911 0.136707 0.837050 0.116123 0.794168 0.109262 0.758148
0 0.143568 0.857633 0.177873 0.869640 0.212178 0.847341 0.239623 0.845626 0.265352 0.855918 0.280789 0.891938 0.287650 0.939966 0.270497 0.979417 0.225900 0.993139 0.179588 1.000000 0.131561 0.975986 0.116123 0.946827 0.126415 0.893654 0.134991 0.876501
0 0.081818 0.938250 0.109262 0.958834 0.116123 0.982847 0.068096 0.991424 0.047513 0.991424 0.028645 0.953688 0.049228 0.938250 0.071527 0.936535
0 0.369983 0.825043 0.416295 0.826758 0.438593 0.849057 0.447170 0.876501 0.431732 0.910806 0.395712 0.924528 0.357976 0.912521 0.340823 0.883362 0.347684 0.843911 0.363122 0.835334
0 0.150429 0.627787 0.205317 0.634648 0.236192 0.668954 0.243053 0.725557 0.217324 0.739280 0.196741 0.740995 0.152144 0.727273 0.124700 0.679245 0.128130 0.629503
0 0.124700 0.516295 0.157290 0.492281 0.203602 0.521441 0.215609 0.572899 0.200172 0.612350 0.131561 0.619211 0.098971 0.579760 0.083533 0.526587 0.107547 0.519726
0 0.081818 0.221269 0.128130 0.259005 0.104117 0.283019 0.068096 0.324185 0.013208 0.313894 0.013208 0.277873 0.023499 0.253859 0.069811 0.224700
0 0.320240 0.190395 0.352830 0.245283 0.335678 0.265866 0.287650 0.274443 0.253345 0.259005 0.246484 0.228130 0.270497 0.195540 0.303087 0.190395
0 0.136707 0.301887 0.177873 0.317324 0.186449 0.358491 0.153859 0.394511 0.071527 0.406518 0.013208 0.406518 0.002916 0.351630 0.030360 0.336192 0.068096 0.331046 0.124700 0.305317
0 0.294511 0.574614 0.333962 0.593482 0.356261 0.617496 0.349400 0.656947 0.327101 0.677530 0.301372 0.667238 0.270497 0.665523 0.251629 0.658662 0.232762 0.627787 0.241338 0.605489 0.275643 0.581475
0 0.376844 0.732419 0.402573 0.763293 0.400858 0.787307 0.351115 0.794168 0.330532 0.778731 0.328816 0.753002 0.368268 0.739280
0 0.865695 0.447684 0.848542 0.427101 0.857118 0.392796 0.877702 0.391081 0.898285 0.421955 0.891424 0.437393
0 0.948027 0.416810 0.984048 0.401372 1.000000 0.425386 1.000000 0.449400 0.989194 0.466552 0.963465 0.471698 0.937736 0.463122 0.929159 0.440823
0 0.742195 0.075472 0.725043 0.046312 0.731904 0.018868 0.755918 0.018868 0.783362 0.032590 0.781647 0.058319 0.774786 0.075472
