0 0.067883 0.687956 0.140876 0.680657 0.170073 0.729927 0.162774 0.822993 0.129927 0.886861 0.091606 0.881387 0.047810 0.839416
0 0.027737 0.750000 0.000000 0.755474 0.000365 0.863139 0.040511 0.852190 0.045985 0.839416
0 0.272263 0.602190 0.232117 0.660584 0.237591 0.724453 0.303285 0.766423 0.368978 0.759124 0.385401 0.631387 0.327007 0.598540
0 0.274088 0.319343 0.208394 0.357664 0.221168 0.476277 0.270438 0.492701 0.412774 0.487226 0.431022 0.445255 0.418248 0.337591 0.358029 0.304745
0 0.002190 0.204380 0.020438 0.175182 0.078832 0.215328 0.091606 0.251825 0.077007 0.297445 0.004015 0.319343
0 0.429197 0.279197 0.516788 0.215328 0.626277 0.284672 0.608029 0.394161 0.511314 0.432482 0.463869 0.425182
0 0.671898 0.136861 0.770438 0.149635 0.777737 0.246350 0.708394 0.313869 0.648175 0.255474 0.624453 0.191606
0 0.469343 0.005474 0.451095 0.034672 0.518613 0.094891 0.580657 0.076642 0.640876 0.000000
0 0.790511 0.213504 0.816058 0.211679 0.859854 0.166058 0.907299 0.264599 0.854380 0.330292 0.770438 0.357664 0.697445 0.346715 0.706569 0.328467 0.792336 0.244526
0 0.969343 0.007299 0.951095 0.049270 0.879927 0.096715 0.901825 0.158759 0.918248 0.218978 0.967518 0.226277 0.993066 0.197080 0.978467 0.156934 0.996715 0.116788 0.982117 0.093066 0.996715 0.054745 1.000000 0.000000
0 0.639051 0.313869 0.631752 0.385036 0.684672 0.412409 0.713869 0.359489 0.681022 0.315693 0.648175 0.313869
0 0.987591 0.678832 0.960219 0.717153 0.971168 0.777372 0.996715 0.766423 0.996715 0.677007
0 0.516788 0.963504 0.562409 0.912409 0.618978 0.892336 0.688321 0.930657 0.719343 0.992701 0.518613 1.000000
0 0.739416 0.649635 0.764963 0.667883 0.785036 0.704380 0.757664 0.739051 0.712044 0.729927 0.701095 0.691606
0 0.828832 0.458029 0.878102 0.476277 0.867153 0.531022 0.797810 0.574817 0.728467 0.540146
0 0.713869 0.593066 0.733942 0.642336 0.766788 0.649635 0.799635 0.585766 0.748540 0.552920
0 0.927372 0.295620 0.974818 0.250000 0.967518 0.233577 0.907299 0.215328 0.903650 0.257299 0.901825 0.301095
0 0.064234 0.583942 0.120803 0.569343 0.131752 0.604015 0.135401 0.642336 0.108029 0.660584 0.062409 0.651460
