0 0.556075 0.060748 0.579439 0.048287 0.579439 0.024922 0.562305 0.028037 0.549844 0.043614
0 0.660436 0.057632 0.672897 0.045171 0.674455 0.028037 0.654206 0.024922 0.643302 0.032710 0.649533 0.045171
0 0.777259 0.056075 0.777259 0.040498 0.758567 0.029595 0.749221 0.038941 0.749221 0.054517 0.764798 0.060748
0 0.576324 0.124611 0.573209 0.107477 0.560748 0.110592 0.548287 0.124611 0.549844 0.132399
0 0.651090 0.129283 0.665109 0.132399 0.677570 0.104361 0.661994 0.099688 0.646417 0.109034
0 0.755452 0.129283 0.774143 0.123053 0.775701 0.110592 0.753894 0.101246 0.742991 0.119938
0 0.728972 0.297508 0.749221 0.280374 0.733645 0.260125 0.710280 0.263240 0.710280 0.286604 0.736760 0.299065
0 0.562305 0.300623 0.585670 0.266355 0.551402 0.258567 0.529595 0.261682 0.529595 0.283489
0 0.711838 0.489097 0.741433 0.471963 0.736760 0.436137 0.694704 0.443925 0.708723 0.471963
0 0.875389 0.496885 0.898754 0.484424 0.898754 0.453271 0.869159 0.461059 0.858255 0.484424
0 0.697819 0.819315 0.728972 0.775701 0.690031 0.744548 0.647975 0.741433 0.596573 0.771028 0.655763 0.819315 0.705607 0.823988
0 0.783489 0.816199 0.839564 0.764798 0.808411 0.732087 0.732087 0.739875 0.742991 0.781931
0 0.738318 0.964174 0.738318 0.912773 0.721184 0.889408 0.694704 0.889408 0.679128 0.937695
0 0.461059 0.973520 0.453271 0.908100 0.387850 0.889408 0.356698 0.911215 0.398754 0.989097
0 0.422118 0.529595 0.306854 0.552960 0.246106 0.613707 0.280374 0.693146 0.320872 0.767913 0.428349 0.730530 0.450156 0.738318 0.473520 0.676012 0.443925 0.624611 0.468847 0.566978
0 0.208723 0.872274 0.157321 0.892523 0.166667 0.933022 0.236760 0.915888
0 0.336449 0.992212 0.319315 0.953271 0.338006 0.926791 0.350467 0.887850 0.319315 0.867601 0.267913 0.886293 0.255452 0.939252 0.277259 0.971963
0 0.253894 0.887850 0.224299 0.842679 0.274143 0.823988 0.297508 0.836449 0.314642 0.852025
0 0.289720 0.808411 0.313084 0.781931 0.271028 0.758567 0.202492 0.758567 0.193146 0.795950
0 0.241433 0.658879 0.208723 0.598131 0.146417 0.646417 0.165109 0.679128
0 0.235203 0.943925 0.185358 0.943925 0.172897 0.990654 0.258567 0.989097
