0 0.003115 0.001558 0.062305 0.054517 0.028037 0.144860 0.020249 0.177570 0.003115 0.194704
0 0.176012 0.278816 0.135514 0.263240 0.105919 0.291277 0.091900 0.314642 0.105919 0.361371 0.126168 0.378505 0.177570 0.364486 0.196262 0.299065
0 0.221184 0.431464 0.147975 0.470405 0.154206 0.521807 0.174455 0.580997 0.216511 0.560748 0.246106 0.534268 0.249221 0.447040
0 0.456386 0.257009 0.344237 0.278816 0.316199 0.370717 0.306854 0.419003 0.406542 0.465732 0.470405 0.429907 0.518692 0.320872
0 0.552960 0.204050 0.482866 0.224299 0.481308 0.271028 0.520249 0.300623 0.503115 0.426791 0.595016 0.471963 0.693146 0.361371 0.688474 0.309969 0.609034 0.285047
0 0.686916 0.007788 0.674455 0.056075 0.574766 0.084112 0.476636 0.007788
0 0.677570 0.079439 0.568536 0.109034 0.566978 0.171340 0.646417 0.238318 0.705607 0.197819 0.710280 0.112150
0 0.795950 0.080997 0.862928 0.096573 0.847352 0.188474 0.817757 0.242991 0.749221 0.258567 0.711838 0.200935 0.727414 0.082555
0 0.873832 0.000000 0.886293 0.059190 0.948598 0.101246 0.989097 0.105919 0.990654 0.004673
0 0.979751 0.124611 0.962617 0.176012 0.992212 0.260125 0.993769 0.127726
0 0.990654 0.356698 0.970405 0.316199 0.936137 0.328660 0.873832 0.362928 0.889408 0.408100 0.931464 0.473520 0.995327 0.453271
0 0.285047 0.996885 0.275701 0.928349 0.316199 0.909657 0.358255 0.926791 0.389408 0.948598 0.414330 0.975078 0.380062 0.990654
0 0.515576 0.823988 0.471963 0.848910 0.459502 0.915888 0.490654 0.929907 0.549844 0.895639
0 0.208723 0.744548 0.241433 0.721184 0.208723 0.696262 0.191589 0.725857
0 0.221184 0.655763 0.224299 0.609034 0.197819 0.610592 0.180685 0.654206 0.199377 0.679128
0 0.526480 0.119938 0.532710 0.052960 0.462617 0.042056 0.436137 0.084112 0.475078 0.121495
0 0.831776 0.051402 0.866044 0.028037 0.853583 0.006231 0.809969 0.001558 0.816199 0.029595
