0 0.328816 0.212693 0.383705 0.181818 0.431732 0.137221 0.459177 0.164666 0.466038 0.204117 0.474614 0.253859 0.486621 0.310463 0.448885 0.343053 0.404288 0.368782 0.339108 0.373928 0.315094 0.343053 0.280789 0.300172 0.303087 0.248714
0 0.498628 0.348199 0.450600 0.377358 0.447170 0.409949 0.443739 0.471698 0.460892 0.502573 0.543225 0.488851 0.565523 0.471698 0.572384 0.445969 0.563808 0.406518 0.550086 0.379074
0 0.592967 0.430532 0.555232 0.380789 0.550086 0.331046 0.574099 0.286449 0.616981 0.253859 0.665009 0.234991 0.750772 0.236707 0.781647 0.269297 0.798799 0.331046 0.815952 0.409949 0.822813 0.452830 0.791938 0.524871 0.678731 0.533448 0.651286 0.518010 0.622127 0.468268 0.618696 0.430532
0 0.865695 0.121784 0.922298 0.128645 0.963465 0.154374 0.990909 0.212693 0.987478 0.272727 0.941166 0.327616 0.863979 0.332762 0.819382 0.267581 0.819382 0.245283 0.819382 0.207547 0.827959 0.169811
0 0.066381 1.000000 0.080103 0.931389 0.116123 0.929674 0.186449 0.960549 0.188165 0.993139 0.157290 1.000000
0 0.668439 0.730703 0.587822 0.704974 0.592967 0.648371 0.640995 0.579760 0.699314 0.550600 0.755918 0.572899 0.749057 0.626072 0.766209 0.653516 0.743911 0.684391 0.701029 0.725557
0 0.839966 0.497427 0.874271 0.512865 0.901715 0.547170 0.905146 0.591767 0.846827 0.619211 0.790223 0.626072 0.771355 0.574614 0.778216 0.545455 0.809091 0.531732 0.831389 0.506003
0 0.687307 0.749571 0.685592 0.778731 0.713036 0.825043 0.791938 0.849057 0.848542 0.837050 0.881132 0.802744 0.886278 0.758148 0.882847 0.725557 0.903430 0.677530 0.913722 0.650086 0.905146 0.627787 0.869125 0.638079 0.826244 0.650086 0.791938 0.684391 0.733619 0.715266
0 0.956604 0.794168 0.912007 0.765009 0.903430 0.732419 0.905146 0.699829 0.954888 0.636364 0.989194 0.629503 1.000000 0.680961 0.999485 0.725557 0.987478 0.775300
0 0.978902 0.883362 0.937736 0.900515 0.939451 0.933105 0.958319 0.958834 1.000000 0.958834 0.996055 0.914237
