0 0.208756 0.142132 0.259518 0.151015 0.289975 0.121827 0.283629 0.065990 0.229061 0.055838 0.203680 0.092640 0.203680 0.134518
0 0.009518 0.408629 0.018401 0.413706 0.055203 0.430203 0.102157 0.417513 0.108503 0.376904 0.095812 0.318528 0.041244 0.317259 0.010787 0.345178 0.005711 0.376904
0 0.027284 0.503807 0.053934 0.506345 0.070431 0.524112 0.081853 0.550761 0.081853 0.574873 0.061548 0.595178 0.036168 0.611675 0.000000 0.601523 0.000635 0.507614
0 0.135152 0.624365 0.154188 0.654822 0.190990 0.657360 0.221447 0.629442 0.215102 0.600254 0.183376 0.582487 0.160533 0.585025
0 0.210025 0.559645 0.234137 0.565990 0.283629 0.565990 0.293782 0.535533 0.287437 0.502538 0.258249 0.482233 0.231599 0.487310 0.207487 0.522843 0.206218 0.552030
0 0.310279 0.543147 0.340736 0.532995 0.336929 0.501269 0.315355 0.480964 0.278553 0.468274 0.273477 0.484772 0.295051 0.496193 0.300127 0.529188
0 0.364848 0.465736 0.392767 0.441624 0.396574 0.388325 0.363579 0.365482 0.317893 0.379442 0.306472 0.411168 0.325508 0.456853
0 0.394036 0.467005 0.396574 0.488579 0.430838 0.467005 0.442259 0.439086 0.427030 0.417513 0.405457 0.417513 0.394036 0.444162
0 0.564086 0.421320 0.590736 0.442893 0.656726 0.435279 0.680838 0.395939 0.675761 0.354061 0.630076 0.329949 0.594543 0.324873 0.564086 0.345178 0.551396 0.374365 0.552665 0.406091
0 0.670685 0.298223 0.706218 0.277919 0.732868 0.256345 0.730330 0.205584 0.693528 0.184010 0.650381 0.189086 0.611041 0.222081 0.603426 0.281726 0.645305 0.295685
0 0.768401 0.209391 0.803934 0.201777 0.824239 0.224619 0.829315 0.253807 0.831853 0.271574 0.807741 0.290609 0.805203 0.317259 0.800127 0.337563 0.772208 0.351523 0.736675 0.365482 0.708756 0.356599 0.692259 0.337563 0.656726 0.324873 0.664340 0.302030 0.711294 0.285533 0.732868 0.270305 0.737944 0.229695
0 0.595812 0.568528 0.611041 0.597716 0.638959 0.607868 0.654188 0.586294 0.663071 0.564721 0.651650 0.527919 0.635152 0.524112 0.607234 0.543147
0 0.117386 0.824873 0.097081 0.800761 0.050127 0.767766 0.000000 0.775381 0.008249 0.992386 0.045051 1.000000 0.047589 0.968274 0.118655 0.970812 0.137690 0.909899 0.131345 0.847716
0 0.240482 0.723350 0.268401 0.685279 0.260787 0.630711 0.230330 0.626904 0.198604 0.659899 0.170685 0.666244 0.161802 0.676396 0.196066 0.718274
0 0.230330 0.739848 0.264594 0.762690 0.296320 0.739848 0.310279 0.718274 0.306472 0.671320 0.269670 0.680203
0 0.289975 0.767766 0.328046 0.718274 0.347081 0.741117 0.357233 0.775381 0.335660 0.799492
0 0.122462 0.774112 0.173223 0.800761 0.197335 0.767766 0.156726 0.734772 0.126269 0.750000
