0 0.658147 0.512865 0.711321 0.545455 0.716466 0.600343 0.685592 0.663808 0.630703 0.684391 0.550086 0.677530 0.503774 0.622642 0.491767 0.581475 0.514065 0.524871 0.584391 0.497427
0 0.817667 0.571184 0.767924 0.560892 0.759348 0.519726 0.774786 0.476844 0.809091 0.461407 0.836535 0.485420 0.845111 0.524871
0 0.858834 0.574614 0.912007 0.567753 0.987478 0.571184 0.987478 0.512865 0.994340 0.445969 0.948027 0.409949 0.887993 0.404803 0.851973 0.427101 0.833105 0.447684 0.834820 0.481990 0.851973 0.511149 0.855403 0.560892
0 0.951458 0.296741 0.920583 0.343053 0.929159 0.385935 0.963465 0.396226 0.980617 0.367067 0.973756 0.327616 0.982333 0.310463 0.980617 0.279588 0.960034 0.272727
0 0.817667 0.265866 0.733619 0.252144 0.714751 0.207547 0.702744 0.145798 0.761063 0.121784 0.788508 0.120069 0.841681 0.147513 0.863979 0.190395 0.850257 0.238422
0 0.803945 0.018868 0.817667 0.078902 0.891424 0.094340 0.965180 0.087479 0.975472 0.037736 0.975472 0.012007 0.925729 0.006861 0.863979 0.012007
0 0.646141 0.003431 0.711321 0.008576 0.719897 0.060034 0.689022 0.125214 0.637564 0.135506 0.555232 0.104631 0.539794 0.072041 0.553516 0.044597 0.550086 0.017153 0.560377 0.003431
0 0.642710 0.159520 0.625557 0.212693 0.604974 0.236707 0.543225 0.243568 0.483190 0.228130 0.467753 0.190395 0.474614 0.145798 0.541509 0.133791 0.594683 0.145798 0.623842 0.140652
0 0.826244 0.821612 0.872556 0.849057 0.908576 0.926244 0.905146 0.953688 0.853688 0.972556 0.812521 0.958834 0.788508 0.931389 0.773070 0.900515 0.783362 0.857633 0.809091 0.835334
0 0.918868 0.730703 0.875986 0.780446 0.891424 0.850772 0.906861 0.862779 0.958319 0.874786 0.987478 0.842196 0.994340 0.787307 0.997770 0.730703 0.975472 0.699829 0.949743 0.718696
