0 0.589087 0.501114 0.604677 0.520045 0.612472 0.547884 0.633630 0.571269 0.659243 0.592428 0.688196 0.606904 0.713808 0.599109 0.744989 0.592428 0.790646 0.580178 0.799555 0.555679 0.817372 0.532294 0.799555 0.486637 0.785078 0.445434 0.763920 0.432071 0.744989 0.420935 0.729399 0.414254 0.699332 0.413140 0.674833 0.419822 0.654788 0.420935 0.630290 0.436526 0.611359 0.453229 0.591314 0.486637
0 0.635857 0.296214 0.668151 0.316258 0.689310 0.325167 0.738307 0.315145 0.747216 0.308463 0.770601 0.295100 0.775056 0.279510 0.778396 0.276169 0.807350 0.242762 0.827394 0.195991 0.836303 0.162584 0.815145 0.119154 0.806236 0.109131 0.776169 0.092428 0.773942 0.089087 0.768374 0.076837 0.743875 0.052339 0.727171 0.041203 0.674833 0.036748 0.657016 0.043430 0.623608 0.047884 0.603563 0.059020 0.600223 0.122494 0.600223 0.125835 0.595768 0.144766 0.604677 0.209354 0.604677 0.226058 0.606904 0.246102 0.613586 0.267261 0.616926 0.271715 0.634744 0.304009
0 0.874165 0.671492 0.845212 0.679287 0.842984 0.704900 0.842984 0.718263 0.830735 0.742762 0.840757 0.755011 0.856347 0.767261 0.880846 0.776169 0.894209 0.792873 0.907572 0.799555 0.916481 0.802895 0.935412 0.793987 0.949889 0.789532 0.961024 0.767261 0.964365 0.763920 0.978842 0.760579 0.977728 0.741648 0.976615 0.721604 0.984410 0.704900 0.982183 0.692650 0.965479 0.689310 0.948775 0.670379 0.939866 0.663697 0.923163 0.665924 0.875278 0.678174 0.880846 0.678174
0 0.266147 0.795100 0.248330 0.802895 0.246102 0.815145 0.244989 0.816258 0.238307 0.826281 0.234967 0.834076 0.238307 0.845212 0.238307 0.858575 0.259465 0.869710 0.263920 0.876392 0.281737 0.881960 0.316258 0.869710 0.337416 0.837417 0.321826 0.810690 0.318486 0.796214 0.300668 0.793987 0.295100 0.792873
0 0.394209 0.826281 0.386414 0.820713 0.357461 0.824053 0.356347 0.832962 0.339644 0.857461 0.329621 0.863029 0.324053 0.881960 0.331849 0.888641 0.349666 0.896437 0.358575 0.903118 0.376392 0.923163 0.384187 0.932071 0.406459 0.940980 0.434298 0.944321 0.436526 0.937639 0.434298 0.909800 0.432071 0.885301 0.423163 0.869710 0.423163 0.849666 0.416481 0.841871 0.405345 0.827394
0 0.581292 0.556793 0.563474 0.569042 0.565702 0.594655 0.566815 0.603563 0.575724 0.622494 0.590200 0.630290 0.603563 0.639198 0.615813 0.639198 0.632517 0.638085 0.635857 0.624722 0.644766 0.614699 0.645880 0.604677 0.646993 0.596882 0.648107 0.590200 0.631403 0.579065 0.630290 0.575724 0.624722 0.571269 0.618040 0.567929 0.611359 0.563474 0.595768 0.554566
0 0.658129 0.625835 0.644766 0.640312 0.642539 0.654788 0.652561 0.664811 0.668151 0.687082 0.683742 0.697105 0.697105 0.719376 0.710468 0.734967 0.717149 0.733853 0.730512 0.736080 0.751670 0.734967 0.759465 0.733853 0.776169 0.724944 0.783964 0.724944 0.808463 0.717149 0.821826 0.699332 0.809577 0.668151 0.801782 0.648107 0.801782 0.628062 0.799555 0.615813 0.793987 0.600223 0.785078 0.596882 0.770601 0.593541 0.762806 0.593541 0.758352 0.595768 0.732739 0.601336 0.729399 0.601336 0.678174 0.615813
0 0.513363 0.069042 0.494432 0.076837 0.481069 0.083519 0.473274 0.089087 0.465479 0.106904 0.445434 0.116927 0.436526 0.113586 0.414254 0.121381 0.408686 0.126949 0.386414 0.160356 0.390869 0.173719 0.394209 0.201559 0.412027 0.214922 0.425390 0.220490 0.444321 0.232739 0.464365 0.240535 0.483296 0.231626 0.506682 0.218263 0.514477 0.204900 0.525612 0.190423 0.540089 0.169265 0.543430 0.151448 0.540089 0.136971 0.538976 0.101336 0.540089 0.086860 0.522272 0.070156
0 0.297327 0.149220 0.277283 0.168151 0.256125 0.181514 0.246102 0.173719 0.218263 0.168151 0.204900 0.153675 0.193764 0.139198 0.181514 0.121381 0.179287 0.112472 0.175947 0.097996 0.183742 0.076837 0.192650 0.070156 0.210468 0.056793 0.222717 0.044543 0.232739 0.033408 0.241648 0.020045 0.249443 0.011136 0.253898 0.007795 0.257238 0.005568 0.291759 0.001114 0.330735 0.000000 0.433185 0.001114 0.508909 0.001114 0.483296 0.027840 0.468820 0.042316 0.418708 0.071269 0.403118 0.076837 0.371938 0.090200 0.316258 0.114699 0.297327 0.158129
0 0.003341 0.842984 0.015590 0.853007 0.028953 0.870824 0.038976 0.883074 0.055679 0.896437 0.076837 0.909800 0.091314 0.923163 0.106904 0.943207 0.092428 0.977728 0.084633 0.987751 0.054566 1.000000 0.017817 0.995546 0.004454 0.992205 0.000000 0.983296 0.000000 0.951002 0.001114 0.908686
