0 0.192259 0.993655 0.170685 0.911168 0.088198 0.913706 0.034898 0.945431 0.000000 0.998731
0 0.089467 0.885787 0.142766 0.874365 0.154188 0.840101 0.133883 0.802030 0.094543 0.799492 0.061548 0.812183 0.041244 0.831218
0 0.297589 0.949239 0.338198 0.965736 0.362310 0.944162 0.359772 0.907360 0.330584 0.903553
0 0.372462 0.894670 0.421954 0.842640 0.451142 0.819797 0.493020 0.828680 0.519670 0.865482 0.517132 0.914975 0.519670 0.963198 0.491751 0.991117 0.457487 0.997462 0.366117 0.992386 0.347081 0.980964 0.363579 0.954315 0.375000 0.920051
0 0.533629 0.923858 0.575508 0.923858 0.593274 0.898477 0.579315 0.860406 0.548858 0.819797 0.523477 0.848985 0.539975 0.921320
0 0.603426 0.884518 0.647843 0.875635 0.669416 0.837563 0.652919 0.771574 0.612310 0.788071 0.567893 0.821066 0.575508 0.838832
0 0.767132 0.997462 0.753173 0.960660 0.783629 0.954315 0.820431 0.963198 0.847081 0.973350 0.869924 0.997462
0 0.990482 0.921320 0.979061 0.889594 0.977792 0.848985 1.000000 0.843909
0 0.529822 0.808376 0.575508 0.794416 0.598350 0.753807 0.597081 0.710660 0.575508 0.657360 0.545051 0.667513 0.527284 0.684010 0.510787 0.710660 0.490482 0.728426 0.473985 0.757614 0.465102 0.790609 0.485406 0.810914
0 0.519670 0.670051 0.561548 0.649746 0.586929 0.630711 0.589467 0.587563 0.551396 0.577411 0.510787 0.571066 0.486675 0.579949 0.470178 0.618020 0.489213 0.642132
0 0.382614 0.695431 0.448604 0.703046 0.482868 0.695431 0.484137 0.649746 0.458756 0.619289 0.435914 0.590101 0.387690 0.638325 0.371193 0.654822
0 0.190990 0.502538 0.235406 0.505076 0.302665 0.545685 0.361041 0.524112 0.375000 0.480964 0.392767 0.470812 0.437183 0.460660 0.472716 0.446701 0.482868 0.417513 0.479061 0.315990 0.465102 0.290609 0.442259 0.275381 0.401650 0.282995 0.309010 0.313452 0.269670 0.337563 0.207487 0.351523 0.183376 0.388325 0.168147 0.463198
0 0.499365 0.399746 0.528553 0.398477 0.564086 0.389594 0.630076 0.378173 0.675761 0.359137 0.688452 0.336294 0.689721 0.276650 0.675761 0.232234 0.674492 0.181472 0.665609 0.152284 0.625000 0.112944 0.571701 0.116751 0.526015 0.134518 0.490482 0.190355 0.485406 0.238579 0.484137 0.277919 0.482868 0.308376 0.501904 0.378173
0 0.707487 0.252538 0.744289 0.258883 0.768401 0.230964 0.768401 0.181472 0.755711 0.166244 0.701142 0.197970 0.692259 0.211929
0 0.789975 0.407360 0.835660 0.368020 0.855964 0.360406 0.916878 0.350254 0.949873 0.399746 0.957487 0.440355 0.947335 0.465736 0.902919 0.524112 0.877538 0.529188 0.819162 0.519036 0.802665 0.497462 0.786168 0.444162
0 0.782360 0.373096 0.833122 0.336294 0.858503 0.314721 0.861041 0.281726 0.828046 0.244924 0.805203 0.239848 0.783629 0.252538 0.760787 0.282995 0.741751 0.343909 0.774746 0.365482
0 0.957487 0.326142 1.000000 0.323604 0.996827 0.206853 0.952411 0.201777 0.923223 0.213198 0.915609 0.241117 0.924492 0.281726 0.937183 0.296954
0 0.996827 0.342640 0.982868 0.343909 0.956218 0.366751 0.966371 0.397208 0.998096 0.408629
0 0.239213 0.040609 0.190990 0.030457 0.136421 0.038071 0.107234 0.085025 0.105964 0.110406 0.130076 0.147208 0.259518 0.152284 0.273477 0.101523
0 0.292513 0.011421 0.274746 0.038071 0.277284 0.088832 0.307741 0.129442 0.333122 0.163706 0.380076 0.177665 0.411802 0.170051 0.489213 0.137056 0.484137 0.106599 0.510787 0.085025 0.532360 0.039340 0.553934 0.010152 0.342005 0.000000
0 0.075508 0.067259 0.102157 0.062183 0.107234 0.038071 0.099619 0.013959 0.072970 0.007614 0.053934 0.013959 0.048858 0.044416
0 0.637690 0.017766 0.627538 0.036802 0.651650 0.055838 0.703680 0.057107 0.726523 0.041878 0.732868 0.022843 0.729061 0.001269 0.649112 0.001269
