0 0.371698 0.193825 0.369983 0.252144 0.308233 0.289880 0.265352 0.281304 0.227616 0.246998 0.219039 0.195540 0.248199 0.166381 0.265352 0.120069 0.320240 0.082333 0.342539 0.099485 0.352830 0.161235
0 0.406003 0.037736 0.483190 0.068611 0.515780 0.156089 0.495197 0.197256 0.438593 0.231561 0.395712 0.217839 0.378559 0.186964 0.368268 0.159520 0.352830 0.109777 0.347684 0.090909 0.328816 0.063465 0.337393 0.041166 0.383705 0.039451
0 0.448885 0.259005 0.445455 0.307033 0.407719 0.339623 0.308233 0.363636 0.255060 0.346484 0.253345 0.305317 0.299657 0.298456 0.345969 0.281304 0.378559 0.262436 0.412864 0.236707 0.445455 0.243568
0 0.407719 0.006861 0.426587 0.046312 0.452316 0.046312 0.514065 0.054889 0.555232 0.022298 0.556947 0.006861
0 0.126415 0.042882 0.114408 0.111492 0.074957 0.128645 0.021784 0.108062 0.006346 0.070326 0.016638 0.025729 0.088679 0.006861
0 0.249914 0.706690 0.292796 0.777015 0.316810 0.862779 0.284220 0.902230 0.217324 0.917667 0.172727 0.897084 0.105832 0.886792 0.069811 0.890223 0.045798 0.859348 0.049228 0.802744 0.081818 0.744425 0.129846 0.698113 0.234477 0.677530
0 0.073242 0.931389 0.092110 0.953688 0.138422 0.963979 0.157290 0.931389 0.157290 0.905660 0.138422 0.893654 0.095540 0.897084 0.081818 0.917667
0 0.330532 0.924528 0.356261 0.951973 0.356261 0.989708 0.263636 1.000000 0.183019 1.000000 0.150429 0.972556 0.171012 0.926244 0.219039 0.927959 0.256775 0.933105 0.292796 0.917667
0 0.459177 1.000000 0.395712 0.986278 0.383705 0.951973 0.416295 0.914237 0.445455 0.912521 0.471184 0.919383 0.500343 0.946827 0.493482 0.981132 0.479760 1.000000
0 0.008062 0.704974 0.040652 0.753002 0.047513 0.794168 0.018353 0.826758 0.004631 0.830189
0 0.339108 0.389365 0.351115 0.442539 0.328816 0.473413 0.272213 0.488851 0.227616 0.475129 0.186449 0.444254 0.172727 0.413379 0.177873 0.396226 0.231046 0.389365 0.282504 0.382504
0 0.282504 0.518010 0.289365 0.566038 0.265352 0.612350 0.215609 0.639794 0.141852 0.629503 0.102401 0.596913 0.074957 0.540309 0.086964 0.490566 0.107547 0.495712 0.129846 0.499142 0.164151 0.466552 0.205317 0.478559 0.220755 0.492281 0.272213 0.499142
0 0.431732 0.404803 0.488336 0.397942 0.517496 0.432247 0.512350 0.473413 0.469468 0.514580 0.418010 0.528302 0.369983 0.526587 0.354545 0.478559 0.383705 0.444254 0.423156 0.423671 0.445455 0.403087
