0 0.888959 0.987310 0.891497 0.936548 0.906726 0.907360 0.967640 0.913706 1.000000 0.921320 1.000000 0.992386 0.985406 0.998731
0 0.803934 0.869289 0.867386 0.864213 0.875000 0.828680 0.875000 0.760152 0.789975 0.771574 0.726523 0.770305 0.735406 0.813452 0.729061 0.836294 0.748096 0.873096
0 0.703680 0.767766 0.735406 0.752538 0.788706 0.761421 0.853426 0.746193 0.872462 0.736041 0.880076 0.692893 0.872462 0.656091 0.866117 0.625635 0.859772 0.600254 0.834391 0.529188 0.796320 0.497462 0.727792 0.517766 0.683376 0.529188 0.635152 0.544416 0.614848 0.565990 0.593274 0.596447 0.605964 0.640863 0.630076 0.670051 0.647843 0.689086 0.659264 0.718274 0.673223 0.758883
0 0.650381 0.486041 0.717640 0.486041 0.788706 0.491117 0.835660 0.493655 0.861041 0.460660 0.887690 0.413706 0.897843 0.364213 0.894036 0.308376 0.887690 0.279188 0.869924 0.270305 0.842005 0.279188 0.826777 0.315990 0.782360 0.348985 0.744289 0.355330 0.671954 0.376904 0.642766 0.385787 0.609772 0.406091 0.619924 0.436548
0 0.612310 0.380711 0.661802 0.371827 0.702411 0.364213 0.729061 0.350254 0.776015 0.343909 0.802665 0.323604 0.814086 0.288071 0.812817 0.258883 0.803934 0.223350 0.782360 0.201777 0.770939 0.178934 0.748096 0.147208 0.730330 0.138325 0.685914 0.130711 0.652919 0.148477 0.642766 0.159898 0.616117 0.184010 0.599619 0.194162 0.589467 0.209391 0.588198 0.253807 0.590736 0.257614 0.598350 0.279188 0.603426 0.336294 0.604695 0.348985
0 0.500635 0.535533 0.555203 0.544416 0.574239 0.515228 0.602157 0.483503 0.605964 0.469543 0.607234 0.411168 0.605964 0.393401 0.599619 0.351523 0.595812 0.318528 0.584391 0.281726 0.584391 0.244924 0.578046 0.228426 0.557741 0.201777 0.532360 0.209391 0.522208 0.200508 0.489213 0.187817 0.481599 0.219543 0.457487 0.220812 0.435914 0.244924 0.418147 0.276650 0.399112 0.295685 0.378807 0.323604 0.388959 0.357868 0.405457 0.383249 0.421954 0.442893 0.429569 0.468274 0.439721 0.498731 0.460025 0.519036
0 0.336929 0.295685 0.399112 0.257614 0.400381 0.228426 0.396574 0.184010 0.381345 0.151015 0.366117 0.129442 0.343274 0.107868 0.326777 0.092640 0.278553 0.087563 0.267132 0.102792 0.255711 0.130711 0.263325 0.163706 0.256980 0.201777 0.244289 0.237310 0.237944 0.263959 0.231599 0.289340 0.307741 0.321066 0.344543 0.291878
0 0.199873 0.271574 0.236675 0.238579 0.251904 0.205584 0.255711 0.175127 0.255711 0.140863 0.248096 0.118020 0.221447 0.109137 0.196066 0.105330 0.165609 0.118020 0.136421 0.145939 0.128807 0.185279 0.137690 0.233503 0.163071 0.261421
0 0.102157 0.157360 0.141497 0.114213 0.151650 0.095178 0.131345 0.069797 0.114848 0.062183 0.079315 0.098985 0.076777 0.133249
0 0.107234 0.040609 0.142766 0.064721 0.156726 0.091371 0.213832 0.087563 0.230330 0.044416 0.234137 0.013959 0.201142 0.000000 0.127538 0.000000 0.103426 0.029188
0 0.051396 0.151015 0.070431 0.194162 0.075508 0.258883 0.079315 0.317259 0.065355 0.359137 0.028553 0.369289 0.003173 0.360406 0.001904 0.170051 0.033629 0.128173
0 0.102157 0.309645 0.137690 0.303299 0.142766 0.270305 0.107234 0.225888 0.085660 0.244924 0.084391 0.293147
