0 0.195620 0.138686 0.252190 0.151460 0.286861 0.124088 0.321533 0.116788 0.303285 0.149635 0.332482 0.153285 0.354380 0.109489 0.368978 0.056569 0.323358 0.007299 0.177372 0.005474 0.175547 0.074818
0 0.002190 0.354015 0.029562 0.350365 0.056934 0.388686 0.055109 0.459854 0.056934 0.481752 0.033212 0.505474 0.000000 0.503650
0 0.310584 0.226277 0.379927 0.251825 0.401825 0.290146 0.383577 0.377737 0.390876 0.379562 0.410949 0.399635 0.356204 0.443431 0.292336 0.425182 0.246715 0.370438 0.244890 0.330292 0.255839 0.306569
0 0.525912 0.450730 0.598905 0.576642 0.545985 0.642336 0.485766 0.666058 0.434672 0.647810 0.398175 0.569343 0.434672 0.496350
0 0.615328 0.605839 0.671898 0.700730 0.644526 0.751825 0.525912 0.781022 0.500365 0.790146 0.454745 0.759124 0.460219 0.664234 0.494890 0.666058
0 0.710219 0.766423 0.748540 0.830292 0.693796 0.914234 0.639051 0.919708 0.587956 0.897810 0.564234 0.859489 0.582482 0.802920 0.631752 0.762774
0 0.752190 0.788321 0.797810 0.744526 0.741241 0.708029 0.697445 0.735402 0.717518 0.768248
0 0.976642 0.447080 0.941971 0.503650 0.978467 0.547445 1.000000 0.498175 1.000000 0.425182
0 0.407299 0.855839 0.522263 0.828467 0.551460 0.879562 0.573358 0.972628 0.538686 0.985402 0.547810 0.998175 0.491241 0.996350 0.441971 0.990876 0.434672 0.979927 0.390876 0.979927 0.359854 0.937956
0 0.246715 0.835766 0.268613 0.857664 0.264963 0.927007 0.237591 0.963504 0.208394 0.970803 0.171898 0.945256 0.142701 0.963504 0.077007 0.954380 0.000000 0.788321 0.051460 0.706204 0.120803 0.686131 0.150000 0.686131 0.212044 0.746350
0 0.005839 0.742701 0.044161 0.686131 0.078832 0.687956 0.102555 0.678832 0.069708 0.629562 0.097080 0.602190 0.060584 0.552920 0.002190 0.556569
