0 0.783489 0.598131 0.716511 0.584112 0.702492 0.627726 0.671340 0.651090 0.679128 0.732087 0.757009 0.752336 0.789720 0.721184 0.811526 0.668224 0.811526 0.630841
0 0.742991 0.769470 0.666667 0.800623 0.658879 0.855140 0.679128 0.894081 0.685358 0.931464 0.763240 0.953271 0.800623 0.883178 0.811526 0.819315 0.735202 0.763240
0 0.901869 0.850467 0.866044 0.845794 0.845794 0.884735 0.839564 0.923676 0.869159 0.936137 0.897196 0.925234 0.920561 0.898754
0 0.828660 0.077882 0.785047 0.080997 0.750779 0.127726 0.767913 0.166667 0.808411 0.177570 0.845794 0.137072 0.853583 0.088785
0 0.965732 0.135514 0.919003 0.126168 0.904984 0.161994 0.884735 0.196262 0.923676 0.213396 0.936137 0.233645 0.967290 0.205607 0.992212 0.186916
0 0.252336 0.202492 0.188474 0.207165 0.193146 0.261682 0.182243 0.294393 0.216511 0.313084 0.260125 0.295950 0.286604 0.247664
0 0.213396 0.358255 0.176012 0.356698 0.141745 0.384735 0.137072 0.433022 0.180685 0.450156 0.221184 0.411215 0.241433 0.390966
0 0.258567 0.439252 0.213396 0.442368 0.194704 0.482866 0.208723 0.523364 0.264798 0.507788 0.286604 0.481308 0.260125 0.447040
0 0.026480 0.557632 0.073209 0.556075 0.099688 0.588785 0.099688 0.627726 0.074766 0.672897 0.034268 0.691589 0.000000 0.651090
0 0.791277 0.380062 0.809969 0.419003 0.808411 0.476636 0.752336 0.517134 0.697819 0.436137 0.725857 0.367601
0 0.934579 0.666667 0.898754 0.646417 0.819315 0.674455 0.827103 0.727414 0.892523 0.769470 0.937695 0.761682 0.956386 0.746106
0 0.556075 0.384735 0.509346 0.406542 0.523364 0.447040 0.571651 0.465732 0.609034 0.422118
0 0.090343 0.412773 0.057632 0.425234 0.045171 0.451713 0.051402 0.484424 0.104361 0.490654 0.113707 0.437695
