0 0.770755 0.006289 0.751887 0.056604 0.775472 0.119497 0.816352 0.144654 0.868239 0.130503 0.894969 0.080189 0.883962 0.028302 0.865094 0.004717
0 0.361950 0.089623 0.303774 0.106918 0.303774 0.161950 0.338365 0.207547 0.380818 0.188679 0.387107 0.136792 0.366667 0.100629
0 0.525472 0.166667 0.475157 0.103774 0.440566 0.138365 0.418553 0.209119 0.442138 0.250000 0.468868 0.284591 0.519182 0.251572 0.538050 0.242138 0.541195 0.207547
0 0.670126 0.025157 0.569497 0.031447 0.571069 0.080189 0.618239 0.128931 0.674843 0.119497 0.688994 0.077044
0 0.478302 0.004717 0.483019 0.050314 0.531761 0.051887 0.527044 0.017296 0.519182 0.003145
0 0.343082 0.257862 0.273899 0.270440 0.286478 0.364780 0.322641 0.391509 0.385535 0.358491 0.387107 0.305031 0.361950 0.276730
0 0.022327 0.748428 0.122956 0.757862 0.204717 0.691824 0.182704 0.591195 0.141824 0.555031 0.072641 0.542453 0.016038 0.573899 0.006604 0.627358 0.003459 0.672956
0 0.187421 0.433962 0.138679 0.476415 0.148113 0.561321 0.217296 0.569182 0.273899 0.526730 0.259748 0.471698 0.211006 0.443396
0 0.487736 0.883648 0.440566 0.856918 0.387107 0.899371 0.368239 0.959119 0.380818 0.996855 0.468868 0.995283 0.525472 0.966981 0.552201 0.930818 0.525472 0.877358 0.498742 0.874214
0 0.633962 0.885220 0.586792 0.921384 0.567924 0.962264 0.600943 0.979560 0.637107 0.992138 0.677987 0.959119 0.684277 0.918239 0.643396 0.891509
0 0.918553 0.647799 0.819497 0.622642 0.756604 0.654088 0.751887 0.748428 0.795912 0.805031 0.929560 0.805031 0.975157 0.742138 0.954717 0.669811
0 0.987736 0.036164 0.965723 0.069182 0.978302 0.106918 0.957862 0.132075 0.950000 0.163522 0.978302 0.188679 1.000000 0.185535 1.000000 0.033019
0 0.748742 0.781447 0.704717 0.823899 0.734591 0.891509 0.800629 0.916667 0.865094 0.874214 0.861950 0.822327 0.795912 0.773585 0.748742 0.773585
0 0.976730 0.770440 0.940566 0.803459 0.924843 0.856918 0.951572 0.899371 0.990880 0.913522 1.000000 0.911950 1.000000 0.761006
0 0.806918 0.976415 0.857233 0.882075 0.920126 0.880503 0.951572 0.908805 1.000000 0.927673 1.000000 0.976415 0.989308 1.000000 0.861950 1.000000
