0 0.444797 0.974619 0.503173 0.987310 0.585660 0.959391 0.616117 0.939086 0.628807 0.898477 0.623731 0.819797 0.574239 0.817259 0.484137 0.826142 0.451142 0.807107 0.413071 0.843909 0.391497 0.901015 0.405457 0.942893
0 0.368655 0.728426 0.404188 0.715736 0.406726 0.673858 0.378807 0.652284 0.340736 0.657360 0.321701 0.680203 0.333122 0.711929
0 0.339467 0.638325 0.373731 0.620558 0.386421 0.591371 0.376269 0.546954 0.348350 0.531726 0.297589 0.540609 0.270939 0.552030 0.283629 0.590101
0 0.496827 0.555838 0.512056 0.581218 0.570431 0.602792 0.612310 0.577411 0.649112 0.579949 0.665609 0.549492 0.652919 0.521574 0.649112 0.500000 0.651650 0.472081 0.622462 0.453046 0.571701 0.439086 0.524746 0.454315 0.504442 0.484772 0.490482 0.519036
0 0.542513 0.239848 0.576777 0.234772 0.625000 0.265228 0.656726 0.291878 0.659264 0.328680 0.652919 0.366751 0.612310 0.379442 0.592005 0.387056 0.551396 0.368020 0.533629 0.355330 0.537437 0.314721 0.515863 0.266497
0 0.131345 0.126904 0.109772 0.177665 0.123731 0.199239 0.156726 0.199239 0.170685 0.172589
0 0.184645 0.223350 0.136421 0.236041 0.149112 0.279188 0.188452 0.279188 0.202411 0.252538
0 0.218909 0.281726 0.173223 0.293147 0.161802 0.321066 0.185914 0.350254 0.235406 0.312183
0 0.739213 0.139594 0.787437 0.123096 0.812817 0.096447 0.786168 0.059645 0.749365 0.050761 0.725254 0.078680 0.711294 0.121827
0 0.755711 0.005076 0.740482 0.044416 0.701142 0.079949 0.663071 0.074873 0.618655 0.045685 0.611041 0.021574 0.598350 0.001269
0 0.607234 0.237310 0.635152 0.269036 0.660533 0.294416 0.678299 0.326142 0.736675 0.290609 0.759518 0.272843 0.759518 0.234772 0.730330 0.206853 0.713832 0.192893 0.664340 0.192893 0.630076 0.210660
0 0.891497 0.706853 0.911802 0.694162 0.911802 0.666244 0.894036 0.649746 0.867386 0.638325 0.847081 0.658629 0.839467 0.682741 0.864848 0.704315
0 0.416878 0.310914 0.430838 0.305838 0.439721 0.284264 0.424492 0.277919 0.405457 0.281726 0.400381 0.303299
0 0.528553 0.219543 0.542513 0.201777 0.529822 0.178934 0.509518 0.171320 0.475254 0.184010 0.484137 0.205584
0 0.481599 0.137056 0.518401 0.149746 0.561548 0.139594 0.571701 0.097716 0.553934 0.071066 0.529822 0.062183 0.468909 0.083756 0.458756 0.110406
0 0.829315 0.139594 0.859772 0.156091 0.885152 0.154822 0.910533 0.131980 0.911802 0.107868 0.937183 0.098985 0.928299 0.065990 0.906726 0.054569 0.888959 0.055838 0.855964 0.055838 0.833122 0.073604 0.821701 0.095178 0.816624 0.115482
0 0.774746 0.232234 0.798858 0.211929 0.840736 0.205584 0.862310 0.176396 0.819162 0.131980 0.795051 0.130711 0.740482 0.149746 0.718909 0.168782 0.729061 0.182741
0 0.993020 0.119289 0.972716 0.134518 0.960025 0.172589 0.970178 0.220812 0.976523 0.246193 0.999365 0.252538
0 0.946066 0.158629 0.913071 0.147208 0.885152 0.168782 0.892766 0.201777 0.895305 0.213198 0.886421 0.239848 0.896574 0.267767 0.923223 0.267767 0.971447 0.256345 0.973985 0.237310
0 0.465102 0.062183 0.498096 0.049492 0.506980 0.027919 0.506980 0.001269 0.424492 0.001269
