0 0.180838 0.888325 0.183376 0.832487 0.170685 0.822335 0.189721 0.800761 0.183376 0.770305 0.151650 0.752538 0.119924 0.756345 0.095812 0.788071 0.085660 0.813452 0.084391 0.836294 0.105964 0.851523 0.125000 0.876904 0.157995 0.884518
0 0.451142 0.700508 0.494289 0.663706 0.494289 0.598985 0.461294 0.557107 0.424492 0.527919 0.368655 0.531726 0.344543 0.562183 0.333122 0.610406 0.376269 0.667513 0.406726 0.690355
0 0.024746 0.700508 0.071701 0.670051 0.095812 0.667513 0.076777 0.586294 0.081853 0.546954 0.031091 0.529188 0.000000 0.536802 0.005711 0.686548
0 0.117386 0.531726 0.213832 0.536802 0.251904 0.513959 0.279822 0.468274 0.255711 0.427665 0.240482 0.403553 0.212563 0.384518 0.184645 0.378173 0.117386 0.398477 0.085660 0.435279 0.083122 0.488579
0 0.038706 0.294416 0.133883 0.318528 0.180838 0.303299 0.165609 0.238579 0.132614 0.224619 0.047589 0.246193
0 0.230330 0.242386 0.281091 0.302030 0.335660 0.318528 0.405457 0.310914 0.461294 0.282995 0.425761 0.211929 0.414340 0.187817 0.428299 0.148477 0.435914 0.095178 0.428299 0.085025 0.435914 0.002538 0.215102 0.013959 0.268401 0.065990 0.211294 0.101523 0.270939 0.151015
0 0.690990 0.180203 0.740482 0.100254 0.748096 0.096447 0.839467 0.097716 0.894036 0.145939 0.913071 0.184010 0.880076 0.260152 0.863579 0.307107 0.782360 0.312183 0.716371 0.291878
0 0.984137 0.355330 0.938452 0.365482 0.929569 0.434010 0.985406 0.444162 1.000000 0.432741 0.985406 0.348985
0 0.022208 0.148477 0.114848 0.119289 0.113579 0.062183 0.136421 0.044416 0.107234 0.000000 0.001904 0.000000 0.004442 0.147208
0 0.995558 0.105330 0.975254 0.139594 0.965101 0.262690 0.929569 0.305838 0.957487 0.333756 1.000000 0.331218
