0 0.558662 0.384220 0.596398 0.399657 0.601544 0.447684 0.601544 0.478559 0.577530 0.518010 0.539794 0.528302 0.507204 0.506003 0.508919 0.459691 0.527787 0.409949
0 0.630703 0.423671 0.649571 0.430532 0.651286 0.478559 0.628988 0.521441 0.599828 0.512865 0.608405 0.476844 0.610120 0.423671
0 0.718182 0.437393 0.731904 0.471698 0.706175 0.519726 0.682161 0.521441 0.659863 0.493997 0.659863 0.459691 0.673585 0.421955 0.697599 0.423671 0.707890 0.437393
0 0.994340 0.174957 0.948027 0.197256 0.913722 0.234991 0.915437 0.307033 0.939451 0.365352 0.975472 0.389365 0.987478 0.387650 0.997770 0.380789
0 0.934305 0.396226 0.932590 0.423671 0.898285 0.464837 0.863979 0.445969 0.845111 0.404803 0.875986 0.385935 0.915437 0.385935
0 0.208748 0.588336 0.231046 0.608919 0.222470 0.653516 0.191595 0.672384 0.152144 0.674100 0.145283 0.641509 0.148714 0.615780 0.184734 0.595197
0 0.452316 0.560892 0.493482 0.579760 0.500343 0.615780 0.474614 0.641509 0.438593 0.651801 0.411149 0.615780 0.411149 0.598628 0.436878 0.569468
0 0.582676 0.631218 0.587822 0.667238 0.567238 0.704974 0.520926 0.696398 0.498628 0.665523 0.508919 0.627787 0.541509 0.617496 0.565523 0.619211
0 0.028645 0.650086 0.054374 0.680961 0.049228 0.708405 0.020069 0.718696 0.000000 0.711835 0.001201 0.655232
0 0.424871 0.987993 0.476329 0.960549 0.524357 0.965695 0.526072 1.000000 0.471184 1.000000
0 0.277358 0.427101 0.289365 0.471698 0.277358 0.497427 0.225900 0.499142 0.213894 0.464837 0.224185 0.437393 0.249914 0.430532
0 0.364837 0.977702 0.339108 0.946827 0.330532 0.890223 0.339108 0.837050 0.371698 0.855918 0.376844 0.876501 0.402573 0.931389 0.409434 0.951973 0.383705 0.986278
