0 0.003173 0.260152 0.064086 0.258883 0.118655 0.232234 0.131345 0.185279 0.109772 0.128173 0.086929 0.093909 0.050127 0.115482 0.001904 0.093909
0 0.100888 0.069797 0.137690 0.100254 0.222716 0.085025 0.244289 0.032995 0.236675 0.003807 0.086929 0.005076 0.061548 0.035533
0 0.659264 0.862944 0.619924 0.925127 0.631345 0.963198 0.701142 0.965736 0.750635 0.923858 0.755711 0.869289 0.717640 0.841371
0 0.661802 0.804569 0.713832 0.793147 0.704949 0.719543 0.677030 0.662437 0.637690 0.696701 0.638959 0.729695 0.622462 0.750000
0 0.812817 0.951777 0.835660 0.903553 0.816624 0.870558 0.751904 0.927665
0 0.807741 0.989848 0.786168 0.947970 0.743020 0.949239 0.731599 0.991117
0 0.175761 0.564721 0.234137 0.565990 0.274746 0.527919 0.282360 0.501269 0.255711 0.468274 0.222716 0.477157 0.171954 0.530457
0 0.420685 0.453046 0.477792 0.428934 0.463832 0.397208 0.400381 0.421320
0 0.288706 0.209391 0.312817 0.190355 0.286168 0.149746 0.246827 0.168782 0.241751 0.196700
0 0.292513 0.123096 0.496827 0.048223 0.453680 0.006345 0.253173 0.055838 0.213832 0.095178
