0 0.719376 0.124722 0.700445 0.104677 0.679287 0.085746 0.653675 0.060134 0.629176 0.045657 0.615813 0.040089 0.586860 0.038976 0.551225 0.057906 0.521158 0.077951 0.487751 0.112472 0.477728 0.124722 0.463252 0.144766 0.434298 0.198218 0.435412 0.208241 0.443207 0.266147 0.471047 0.332962 0.485523 0.344098 0.564588 0.356347 0.583519 0.340757 0.621381 0.307350 0.636971 0.289532 0.665924 0.249443 0.681514 0.214922 0.693764 0.187082 0.707127 0.167038 0.718263 0.132517
0 0.766147 0.185969 0.741648 0.211581 0.720490 0.227171 0.688196 0.257238 0.671492 0.273942 0.644766 0.297327 0.611359 0.327394 0.603563 0.329621 0.579065 0.356347 0.579065 0.361915 0.577951 0.386414 0.581292 0.406459 0.605791 0.445434 0.631403 0.456570 0.652561 0.468820 0.669265 0.457684 0.702673 0.445434 0.731626 0.437639 0.761693 0.409800 0.795100 0.373051 0.819599 0.342984 0.842984 0.311804 0.844098 0.297327 0.824053 0.256125 0.807350 0.228285 0.791759 0.212695
0 0.810690 0.202673 0.825167 0.232739 0.838530 0.224944 0.844098 0.221604 0.859688 0.203786 0.855234 0.184855 0.844098 0.170379 0.831849 0.179287 0.820713 0.195991
0 0.956570 0.151448 0.977728 0.179287 0.997773 0.181514 0.997773 0.004454 0.849666 0.005568 0.885301 0.060134 0.917595 0.101336
0 0.661470 0.518931 0.660356 0.547884 0.664811 0.575724 0.685969 0.596882 0.713808 0.614699 0.720490 0.622494 0.757238 0.644766 0.773942 0.658129 0.790646 0.655902 0.808463 0.634744 0.834076 0.614699 0.848552 0.602450 0.868597 0.587973 0.887528 0.570156 0.904232 0.560134 0.912027 0.551225 0.927617 0.528953 0.944321 0.492205 0.955457 0.474388 0.969933 0.461024 0.977728 0.433185 0.966592 0.407572 0.947662 0.388641 0.918708 0.378619 0.890869 0.378619 0.866370 0.390869 0.845212 0.410913 0.822940 0.416481 0.773942 0.432071 0.737194 0.446548 0.706013 0.464365 0.695991 0.474388 0.667038 0.496659
0 0.826281 0.682628 0.828508 0.711581 0.834076 0.736080 0.866370 0.761693 0.870824 0.775056 0.878619 0.787305 0.896437 0.799555 0.928731 0.801782 0.967706 0.768374 0.976615 0.750557 0.987751 0.730512 1.000000 0.706013 0.993318 0.678174 0.995546 0.493318 0.961024 0.521158 0.942094 0.545657 0.927617 0.561247 0.885301 0.606904 0.876392 0.618040 0.841871 0.655902
0 0.368597 0.438753 0.367483 0.459911 0.339644 0.501114 0.334076 0.504454 0.318486 0.527840 0.276169 0.560134 0.265033 0.564588 0.243875 0.585746 0.207127 0.608018 0.181514 0.625835 0.165924 0.634744 0.121381 0.657016 0.101336 0.661470 0.081292 0.672606 0.061247 0.679287 0.050111 0.673719 0.040089 0.663697 0.028953 0.642539 0.026726 0.604677 0.022272 0.564588 0.024499 0.537862 0.047884 0.510022 0.079065 0.485523 0.122494 0.448775 0.171492 0.408686 0.229399 0.383073 0.270601 0.364143 0.302895 0.356347 0.356347 0.414254 0.363029 0.417595 0.367483 0.446548
0 0.220490 0.317372 0.193764 0.354120 0.169265 0.381960 0.142539 0.406459 0.110245 0.434298 0.091314 0.447661 0.051225 0.468820 0.016704 0.486637 0.008909 0.487751 0.003341 0.474388 0.002227 0.466592 0.000000 0.218263 0.007795 0.105791 0.073497 0.164811 0.123608 0.223831 0.168151 0.270601
0 0.437639 0.526726 0.390869 0.545657 0.345212 0.562361 0.336303 0.570156 0.270601 0.609131 0.239421 0.622494 0.218263 0.636971 0.182628 0.658129 0.155902 0.670379 0.119154 0.710468 0.111359 0.731626 0.120267 0.770601 0.138085 0.810690 0.165924 0.837417 0.249443 0.850779 0.277283 0.839644 0.361915 0.816258 0.402004 0.771715 0.433185 0.744989 0.453229 0.717149 0.472160 0.693764 0.510022 0.655902 0.524499 0.622494 0.530067 0.560134 0.495546 0.540089 0.467706 0.531180
0 0.552338 0.623608 0.603563 0.672606 0.636971 0.714922 0.661470 0.744989 0.690423 0.781737 0.670379 0.820713 0.654788 0.839644 0.550111 0.884187 0.500000 0.903118 0.448775 0.918708 0.413140 0.902004 0.394209 0.853007 0.395323 0.836303 0.395323 0.818486 0.409800 0.801782 0.437639 0.759465 0.471047 0.712695 0.521158 0.661470 0.536748 0.646993 0.550111 0.630290
0 0.653675 0.863029 0.638085 0.875278 0.615813 0.894209 0.600223 0.902004 0.563474 0.926503 0.552338 0.937639 0.546771 0.955457 0.562361 0.979955 0.564588 0.982183 0.582405 0.996659 0.741648 0.992205 0.777283 0.951002 0.770601 0.906459 0.759465 0.860802 0.734967 0.850779 0.699332 0.866370 0.661470 0.853007
0 0.002227 0.673719 0.030067 0.716036 0.057906 0.750557 0.080178 0.781737 0.100223 0.829621 0.116927 0.870824 0.121381 0.902004 0.120267 0.939866 0.104677 0.985523 0.086860 1.000000 0.005568 0.995546
0 0.408686 0.105791 0.473274 0.066815 0.500000 0.042316 0.522272 0.012249 0.511136 0.004454 0.469933 0.007795 0.433185 0.017817 0.413140 0.006682 0.387528 0.011136 0.384187 0.011136 0.359688 0.043430 0.368597 0.053452 0.376392 0.101336 0.386414 0.100223
