0 0.718905 0.012438 0.733831 0.028607 0.752488 0.034826 0.769901 0.041045 0.783582 0.054726 0.788557 0.067164 0.796020 0.078358 0.799751 0.094527 0.802239 0.105721 0.812189 0.121891 0.824627 0.135572 0.837065 0.149254 0.854478 0.169154 0.871891 0.184080 0.891791 0.187811 0.920398 0.194030 0.946517 0.189055 0.967662 0.182836 0.977612 0.174129 0.988806 0.159204 1.000000 0.130597 1.000000 0.095771 1.000000 0.004975 0.783582 0.000000 0.711443 0.000000
0 0.533582 0.914179 0.555970 0.904229 0.579602 0.888060 0.570895 0.858209 0.557214 0.838308 0.539801 0.812189 0.513682 0.799751 0.500000 0.799751 0.477612 0.800995 0.467662 0.829602 0.468905 0.843284 0.472637 0.863184 0.482587 0.881841 0.513682 0.904229
0 0.417910 0.949005 0.442786 0.937811 0.463930 0.924129 0.473881 0.910448 0.470149 0.889303 0.440298 0.864428 0.420398 0.850746 0.386816 0.833333 0.371891 0.833333 0.360696 0.845771 0.351990 0.865672 0.340796 0.880597 0.330846 0.899254 0.327114 0.924129 0.338308 0.941542 0.381841 0.945274 0.401741 0.952736 0.426617 0.956468 0.409204 0.950249
0 0.594527 0.993781 0.579602 0.987562 0.563433 0.968905 0.532338 0.960199 0.513682 0.963930 0.498756 0.975124 0.488806 0.985075 0.495025 0.997512 0.533582 1.000000
0 0.315920 0.980099 0.315920 0.968905 0.312189 0.957711 0.297264 0.956468 0.284826 0.956468 0.264925 0.970149 0.254975 0.977612 0.233831 0.967662 0.231343 0.952736 0.237562 0.937811 0.227612 0.934080 0.190299 0.934080 0.146766 0.902985 0.130597 0.904229 0.103234 0.915423 0.085821 0.919154 0.069652 0.924129 0.060945 0.939055 0.052239 0.950249 0.042289 0.961443 0.027363 0.970149 0.021144 0.975124 0.013682 0.986318 0.006219 1.000000 0.322139 1.000000
0 0.001244 0.554726 0.024876 0.560945 0.054726 0.567164 0.099502 0.547264 0.108209 0.526119 0.097015 0.512438 0.078358 0.496269 0.072139 0.481343 0.067164 0.466418 0.063433 0.458955 0.060945 0.447761 0.064677 0.440298 0.053483 0.425373 0.014925 0.421642 0.000000 0.425373 0.000000 0.498756
0 0.084577 0.434080 0.095771 0.439055 0.136816 0.449005 0.167910 0.450249 0.186567 0.442786 0.179104 0.431592 0.156716 0.425373 0.171642 0.415423 0.218905 0.406716 0.242537 0.396766 0.245025 0.373134 0.236318 0.349503 0.231343 0.309702 0.232587 0.281095 0.207711 0.263682 0.185323 0.258706 0.177861 0.250000 0.171642 0.233831 0.141791 0.227612 0.115672 0.241294 0.084577 0.256219 0.049751 0.271144 0.028607 0.288557 0.000000 0.308458 0.000000 0.328358 0.000000 0.360696 0.000000 0.393035 0.042289 0.417910 0.083333 0.411692
0 0.307214 0.312189 0.334577 0.302239 0.363184 0.298507 0.395522 0.299751 0.416667 0.287313 0.426617 0.278607 0.436567 0.263682 0.446517 0.252488 0.455224 0.225124 0.445274 0.192786 0.432836 0.157960 0.431592 0.139303 0.440298 0.111940 0.466418 0.070896 0.473881 0.064677 0.495025 0.052239 0.507463 0.029851 0.507463 0.000000 0.394279 0.000000 0.266169 0.000000 0.208955 0.034826 0.208955 0.039801 0.200249 0.052239 0.179104 0.078358 0.151741 0.095771 0.136816 0.109453 0.124378 0.129353 0.125622 0.164179 0.131841 0.187811 0.151741 0.207711 0.182836 0.213930 0.197761 0.223881 0.195274 0.251244 0.215174 0.267413 0.245025 0.269901 0.274876 0.264925 0.287313 0.264925 0.297264 0.274876 0.298507 0.297264
0 0.124378 0.225124 0.136816 0.212687 0.131841 0.182836 0.118159 0.162935 0.099502 0.149254 0.079602 0.143035 0.052239 0.154229 0.028607 0.172886 0.001244 0.194030 0.000000 0.220149 0.000000 0.289801 0.000000 0.313433 0.087065 0.251244
0 0.850746 0.807214 0.849503 0.793532 0.840796 0.781095 0.828358 0.777363 0.813433 0.777363 0.799751 0.786070 0.802239 0.805970 0.822139 0.814677 0.844527 0.815920
