0 0.840796 0.149254 0.825871 0.145522 0.793532 0.135572 0.777363 0.128109 0.736318 0.130597 0.715174 0.136816 0.687811 0.152985 0.675373 0.174129 0.654229 0.201493 0.643035 0.222637 0.636816 0.240050 0.625622 0.258706 0.620647 0.274876 0.618159 0.297264 0.618159 0.319652 0.626866 0.340796 0.652985 0.359453 0.725124 0.369403 0.754975 0.371891 0.789801 0.384328 0.817164 0.386816 0.830846 0.376866 0.830846 0.356965 0.838308 0.353234 0.859453 0.350746 0.884328 0.348259 0.889303 0.330846 0.885572 0.318408 0.888060 0.305970 0.904229 0.288557 0.919154 0.274876 0.925373 0.258706 0.926617 0.233831 0.921642 0.194030 0.906716 0.177861 0.855721 0.161692
0 0.986318 0.353234 0.950249 0.342040 0.931592 0.353234 0.916667 0.373134 0.889303 0.389304 0.860697 0.410448 0.864428 0.426617 0.885572 0.445274 0.895522 0.455224 0.885572 0.477612 0.884328 0.500000 0.899254 0.527363 0.891791 0.559702 0.896766 0.573383 0.932836 0.579602 0.955224 0.575871 0.993781 0.580846 1.000000 0.555970 1.000000 0.498756 1.000000 0.405473
0 0.978856 0.733831 0.965174 0.702736 0.935323 0.671642 0.885572 0.655473 0.871891 0.659204 0.833333 0.681592 0.822139 0.705224 0.835821 0.738806 0.843284 0.768657 0.848259 0.797264 0.848259 0.870647 0.858209 0.875622 0.893035 0.879353 0.919154 0.873134 0.960199 0.829602 0.986318 0.800995 1.000000 0.761194
0 0.762438 0.643035 0.762438 0.610697 0.759950 0.578358 0.737562 0.533582 0.708955 0.508707 0.675373 0.500000 0.652985 0.507463 0.588308 0.572139 0.583333 0.636816 0.620647 0.667910 0.666667 0.675373 0.697761 0.686567
0 0.783582 0.692786 0.720149 0.696517 0.677861 0.705224 0.644279 0.712687 0.621891 0.718905 0.609453 0.743781 0.601990 0.772388 0.606965 0.832090 0.623134 0.886816 0.659204 0.929105 0.695274 0.931592 0.800995 0.936567 0.833333 0.945274 0.856965 0.930348 0.861940 0.905473 0.847015 0.868159 0.849503 0.824627 0.854478 0.754975 0.800995 0.690298 0.789801 0.695274
0 0.609453 0.893035 0.584577 0.895522 0.536070 0.900497 0.504975 0.922886 0.487562 0.944030 0.487562 0.961443 0.498756 1.000000 0.537313 1.000000 0.583333 1.000000 0.646766 1.000000 0.702736 0.978856 0.667910 0.952736 0.648010 0.924129 0.629353 0.890547
0 0.246269 0.672886 0.271144 0.656716 0.310945 0.623134 0.328358 0.599503 0.322139 0.564677 0.304726 0.511194 0.297264 0.491294 0.240050 0.458955 0.208955 0.451493 0.159204 0.452736 0.126866 0.467662 0.072139 0.495025 0.050995 0.511194 0.075871 0.594527 0.101990 0.643035 0.145522 0.660448 0.189055 0.667910
0 0.068408 0.641791 0.059701 0.625622 0.053483 0.631841 0.037313 0.651741 0.013682 0.662935 0.003731 0.674129 0.000000 0.691542 0.000000 0.722637 0.000000 0.763682 0.000000 0.843284 0.000000 0.911692 0.065920 0.866915 0.089552 0.838308 0.123134 0.827114 0.157960 0.813433 0.176617 0.793532 0.195274 0.758707 0.201493 0.723881 0.185323 0.697761 0.159204 0.674129 0.139303 0.660448 0.095771 0.652985
0 0.175373 0.314677 0.199005 0.296020 0.208955 0.281095 0.233831 0.268657 0.251244 0.271144 0.276119 0.250000 0.281095 0.241294 0.293532 0.202736 0.303483 0.176617 0.310945 0.143035 0.308458 0.113184 0.284826 0.095771 0.252488 0.083333 0.240050 0.069652 0.228856 0.067164 0.189055 0.078358 0.162935 0.080846 0.138060 0.084577 0.124378 0.100746 0.119403 0.126866 0.118159 0.157960 0.104478 0.182836 0.125622 0.231343 0.143035 0.268657 0.150498 0.289801
0 0.007463 0.034826 0.021144 0.027363 0.036070 0.049751 0.046020 0.058458 0.062189 0.069652 0.073383 0.088308 0.092040 0.094527 0.115672 0.083333 0.120647 0.065920 0.124378 0.044776 0.125622 0.029851 0.131841 0.023632 0.139303 0.006219 0.143035 0.000000 0.073383 0.000000 0.018657 0.000000 0.000000 0.000000
0 0.477612 0.012438 0.481343 0.027363 0.511194 0.037313 0.532338 0.033582 0.548507 0.039801 0.569652 0.033582 0.584577 0.024876 0.605721 0.023632 0.625622 0.013682 0.634328 0.003731 0.636816 0.000000 0.521144 0.000000
0 0.660448 0.003731 0.657960 0.029851 0.677861 0.068408 0.691542 0.097015 0.726368 0.110697 0.777363 0.121891 0.808458 0.133085 0.855721 0.149254 0.901741 0.162935 0.929105 0.157960 0.926617 0.106965 0.925373 0.080846 0.926617 0.063433 0.926617 0.038557 0.915423 0.011194 0.855721 0.000000 0.702736 0.000000
