0 0.151741 0.439055 0.152985 0.415423 0.135572 0.389304 0.105721 0.378109 0.083333 0.359453 0.055970 0.354478 0.021144 0.361940 0.000000 0.388060 0.000000 0.411692 0.000000 0.458955 0.000000 0.506219 0.000000 0.548507 0.002488 0.621891 0.003731 0.645522 0.016169 0.677861 0.043532 0.716418 0.093284 0.735075 0.115672 0.700249 0.131841 0.669154 0.155473 0.640547 0.182836 0.611940 0.201493 0.594527 0.226368 0.564677 0.230099 0.531095 0.179104 0.490050 0.165423 0.466418 0.154229 0.446517 0.162935 0.452736
0 0.390547 0.805970 0.398010 0.786070 0.388060 0.733831 0.368159 0.699005 0.342040 0.667910 0.308458 0.651741 0.277363 0.641791 0.262438 0.641791 0.230099 0.651741 0.205224 0.675373 0.192786 0.696517 0.186567 0.728856 0.184080 0.761194 0.185323 0.802239 0.202736 0.840796 0.238806 0.851990 0.279851 0.856965 0.325871 0.849503 0.351990 0.830846 0.380597 0.808458
0 0.232587 0.869403 0.223881 0.847015 0.197761 0.835821 0.174129 0.827114 0.156716 0.823383 0.138060 0.835821 0.123134 0.851990 0.128109 0.871891 0.130597 0.886816 0.139303 0.901741 0.171642 0.919154 0.202736 0.922886 0.220149 0.909204 0.230099 0.885572
0 0.523632 0.956468 0.478856 0.930348 0.455224 0.922886 0.441542 0.915423 0.405473 0.915423 0.388060 0.921642 0.375622 0.956468 0.366915 0.972637 0.365672 1.000000 0.509950 1.000000
0 0.603234 0.894279 0.635572 0.890547 0.657960 0.879353 0.666667 0.863184 0.674129 0.842040 0.675373 0.829602 0.671642 0.815920 0.652985 0.787313 0.646766 0.763682 0.636816 0.737562 0.619403 0.720149 0.608209 0.712687 0.588308 0.720149 0.575871 0.743781 0.575871 0.769901 0.567164 0.792289 0.557214 0.808458 0.549751 0.820895 0.539801 0.849503 0.538557 0.876866 0.575871 0.894279
0 0.550995 0.699005 0.544776 0.674129 0.531095 0.654229 0.501244 0.652985 0.468905 0.664179 0.451493 0.674129 0.425373 0.692786 0.411692 0.708955 0.399254 0.730099 0.398010 0.746269 0.404229 0.767413 0.415423 0.792289 0.462687 0.820895 0.500000 0.824627 0.542289 0.761194
0 0.784826 0.225124 0.766169 0.212687 0.727612 0.208955 0.694030 0.220149 0.680348 0.226368 0.664179 0.241294 0.659204 0.261194 0.659204 0.291045 0.659204 0.305970 0.665423 0.324627 0.685323 0.348259 0.703980 0.363184 0.730099 0.370647 0.756219 0.371891 0.768657 0.365672 0.781095 0.353234 0.808458 0.344527 0.823383 0.338308 0.822139 0.278607 0.803483 0.250000
0 0.985075 0.456468 0.963930 0.458955 0.927861 0.449005 0.911692 0.445274 0.878109 0.460199 0.869403 0.486318 0.866915 0.504975 0.861940 0.529851 0.828358 0.588308 0.832090 0.609453 0.853234 0.648010 0.905473 0.677861 0.921642 0.692786 0.945274 0.705224 0.965174 0.690298 0.975124 0.671642 0.971393 0.659204 0.955224 0.649254 0.975124 0.634328 0.996269 0.631841 1.000000 0.620647 1.000000 0.531095 1.000000 0.462687
0 0.491294 0.124378 0.508707 0.136816 0.531095 0.148010 0.542289 0.160448 0.568408 0.156716 0.580846 0.140547 0.604478 0.146766 0.623134 0.149254 0.644279 0.141791 0.650497 0.135572 0.655473 0.121891 0.657960 0.106965 0.654229 0.092040 0.644279 0.074627 0.630597 0.052239 0.574627 0.000000 0.564677 0.000000 0.513682 0.000000 0.503731 0.009950 0.496269 0.028607 0.481343 0.046020 0.483831 0.090796
0 0.669154 0.134328 0.672886 0.151741 0.711443 0.174129 0.737562 0.174129 0.776119 0.159204 0.792289 0.162935 0.822139 0.154229 0.829602 0.144279 0.849503 0.135572 0.863184 0.130597 0.881841 0.109453 0.884328 0.099502 0.885572 0.084577 0.898010 0.062189 0.902985 0.041045 0.905473 0.031095 0.920398 0.021144 0.910448 0.000000 0.582090 0.000000 0.588308 0.003731 0.608209 0.013682 0.619403 0.021144 0.630597 0.032338 0.641791 0.044776 0.649254 0.063433 0.664179 0.108209 0.667910 0.121891
0 0.915423 0.111940 0.894279 0.111940 0.858209 0.128109 0.848259 0.146766 0.849503 0.175373 0.878109 0.196517 0.914179 0.192786 0.941542 0.170398 0.946517 0.150498 0.931592 0.116915
0 0.940298 0.039801 0.955224 0.055970 0.971393 0.079602 0.996269 0.093284 1.000000 0.077114 1.000000 0.031095 1.000000 0.014925 1.000000 0.000000 0.937811 0.000000 0.916667 0.000000 0.920398 0.023632
0 0.996269 0.833333 0.970149 0.853234 0.926617 0.879353 0.904229 0.907960 0.890547 0.949005 0.884328 0.971393 0.898010 1.000000 0.973881 1.000000 1.000000 0.990050 1.000000 0.911692 1.000000 0.828358
