0 0.682161 0.296741 0.668439 0.368782 0.613551 0.382504 0.575815 0.348199 0.568954 0.295026 0.592967 0.262436 0.630703 0.253859 0.666724 0.279588
0 0.704460 0.005146 0.683876 0.084048 0.706175 0.150943 0.738765 0.188679 0.802230 0.224700 0.853688 0.245283 0.927444 0.217839 0.948027 0.190395 0.985763 0.133791 0.994340 0.060034 0.996055 0.017153 0.963465 0.000000 0.896569 0.000000
0 0.025214 0.231561 0.100686 0.209262 0.122985 0.250429 0.122985 0.281304 0.107547 0.308748 0.074957 0.353345 0.040652 0.358491 0.002916 0.353345 0.000000 0.320755 0.006346 0.271012
0 0.066381 0.379074 0.085249 0.416810 0.095540 0.440823 0.078388 0.493997 0.047513 0.512865 0.001201 0.487135 0.000000 0.432247 0.008062 0.370497 0.049228 0.361921
0 0.152144 0.566038 0.177873 0.615780 0.143568 0.665523 0.092110 0.656947 0.071527 0.617496 0.086964 0.581475 0.122985 0.566038
0 0.863979 0.535163 0.822813 0.550600 0.800515 0.593482 0.812521 0.629503 0.875986 0.653516 0.910292 0.653516 0.932590 0.620926 0.944597 0.581475 0.900000 0.533448 0.884563 0.531732
0 0.793653 0.485420 0.822813 0.492281 0.826244 0.528302 0.809091 0.555746 0.779931 0.562607 0.754202 0.536878 0.754202 0.504288 0.774786 0.485420
0 0.831389 0.684391 0.797084 0.694683 0.795369 0.725557 0.814237 0.749571 0.764494 0.766724 0.761063 0.789022 0.757633 0.842196 0.781647 0.886792 0.833105 0.883362 0.850257 0.852487 0.870840 0.818182 0.913722 0.814751 0.922298 0.825043 0.934305 0.855918 0.925729 0.876501 0.936021 0.902230 0.992624 0.903945 1.000000 0.876501 0.996055 0.770154 0.987478 0.725557 0.953173 0.730703 0.913722 0.725557 0.894854 0.706690 0.850257 0.687822
0 0.990909 0.603774 0.939451 0.615780 0.934305 0.662093 0.951458 0.694683 0.987478 0.701544 0.996055 0.698113
0 0.915437 0.524871 0.905146 0.492281 0.944597 0.485420 0.984048 0.512865 0.994340 0.548885 0.972041 0.567753 0.951458 0.564322 0.936021 0.550600 0.924014 0.528302
