0 0.105791 0.505568 0.086860 0.540089 0.077951 0.570156 0.061247 0.615813 0.050111 0.653675 0.052339 0.679287 0.056793 0.700445 0.077951 0.726058 0.100223 0.766147 0.116927 0.773942 0.183742 0.778396 0.198218 0.782851 0.221604 0.775056 0.259465 0.769488 0.270601 0.765033 0.292873 0.752784 0.328508 0.723831 0.347439 0.704900 0.359688 0.664811 0.363029 0.629176 0.368597 0.591314 0.354120 0.555679 0.347439 0.535635 0.331849 0.496659 0.327394 0.489978 0.302895 0.477728 0.298441 0.476615 0.286192 0.471047 0.243875 0.456570 0.238307 0.457684 0.206013 0.443207 0.187082 0.455457 0.167038 0.466592 0.163697 0.468820 0.134744 0.483296 0.119154 0.495546
0 0.830735 0.706013 0.793987 0.730512 0.779510 0.758352 0.758352 0.790646 0.761693 0.816258 0.769488 0.840757 0.791759 0.883074 0.799555 0.896437 0.840757 0.894209 0.888641 0.888641 0.898664 0.879733 0.907572 0.871938 0.924276 0.863029 0.944321 0.851893 0.953229 0.840757 0.969933 0.822940 0.977728 0.798441 0.982183 0.776169 0.971047 0.746102 0.961024 0.716036 0.948775 0.700445 0.928731 0.697105 0.907572 0.692650 0.871938 0.689310 0.849666 0.708241
0 0.746102 0.114699 0.756125 0.139198 0.776169 0.151448 0.806236 0.168151 0.817372 0.165924 0.846325 0.162584 0.868597 0.152561 0.878619 0.148107 0.907572 0.122494 0.913140 0.109131 0.938753 0.060134 0.932071 0.040089 0.919822 0.025612 0.891982 0.006682 0.875278 0.001114 0.853007 0.005568 0.842984 0.010022 0.814031 0.026726 0.798441 0.036748 0.780624 0.047884 0.760579 0.059020 0.749443 0.065702 0.742762 0.086860 0.744989 0.094655
0 0.271715 0.011136 0.247216 0.040089 0.252784 0.053452 0.255011 0.063474 0.239421 0.085746 0.226058 0.094655 0.214922 0.103563 0.191537 0.148107 0.165924 0.139198 0.141425 0.144766 0.124722 0.115813 0.101336 0.121381 0.089087 0.114699 0.090200 0.095768 0.096882 0.072383 0.103563 0.054566 0.110245 0.044543 0.118040 0.026726 0.119154 0.017817 0.123608 0.008909
0 0.094655 0.005568 0.082405 0.017817 0.072383 0.045657 0.071269 0.048998 0.043430 0.059020 0.027840 0.054566 0.017817 0.062361 0.010022 0.063474 0.000000 0.065702 0.005568 0.002227
0 0.677060 0.873051 0.674833 0.893096 0.701559 0.910913 0.744989 0.899777 0.763920 0.888641 0.751670 0.859688 0.740535 0.838530 0.726058 0.832962 0.719376 0.840757 0.702673 0.854120
0 0.844098 0.222717 0.896437 0.250557 0.936526 0.268374 0.951002 0.300668 0.924276 0.337416 0.903118 0.359688 0.880846 0.381960 0.845212 0.404232 0.821826 0.399777 0.806236 0.399777 0.787305 0.396437 0.771715 0.397550 0.766147 0.387528 0.758352 0.375278 0.742762 0.345212 0.741648 0.326281 0.752784 0.305122 0.762806 0.288419 0.776169 0.268374 0.800668 0.246102 0.822940 0.236080 0.830735 0.231626
0 0.673719 0.357461 0.643653 0.361915 0.610245 0.380846 0.604677 0.383073 0.570156 0.405345 0.560134 0.415367 0.554566 0.446548 0.561247 0.476615 0.573497 0.501114 0.600223 0.523385 0.625835 0.530067 0.650334 0.527840 0.690423 0.518931 0.719376 0.504454 0.726058 0.462138 0.731626 0.438753 0.717149 0.390869 0.713808 0.376392 0.710468 0.363029 0.685969 0.358575 0.679287 0.367483
0 0.546771 0.038976 0.560134 0.062361 0.553452 0.091314 0.550111 0.105791 0.542316 0.110245 0.532294 0.112472 0.521158 0.112472 0.500000 0.124722 0.495546 0.124722 0.482183 0.110245 0.478842 0.100223 0.472160 0.084633 0.476615 0.065702 0.479955 0.052339 0.495546 0.026726 0.513363 0.016704 0.522272 0.012249
0 0.747216 0.003341 0.741648 0.015590 0.721604 0.036748 0.720490 0.037862 0.699332 0.054566 0.706013 0.081292 0.713808 0.093541 0.739421 0.135857 0.739421 0.153675 0.737194 0.161470 0.729399 0.164811 0.710468 0.174833 0.689310 0.183742 0.678174 0.177060 0.663697 0.163697 0.660356 0.149220 0.653675 0.133630 0.648107 0.102450 0.646993 0.100223 0.641425 0.097996 0.638085 0.096882 0.625835 0.091314 0.615813 0.086860 0.605791 0.077951 0.581292 0.042316 0.575724 0.040089 0.571269 0.027840 0.553452 0.017817 0.548998 0.012249 0.546771 0.004454 0.623608 0.015590 0.678174 0.001114
0 0.977728 0.545657 0.968820 0.567929 0.949889 0.593541 0.947662 0.613586 0.942094 0.639198 0.947662 0.655902 0.951002 0.662583 0.955457 0.670379 0.982183 0.693764 1.000000 0.694878 0.997773 0.538976
