0 0.263722 0.340361 0.219545 0.318273 0.165328 0.340361 0.155288 0.378514 0.191432 0.416667 0.185408 0.454819 0.227577 0.456827 0.245649 0.444779 0.275770 0.428715 0.299866 0.388554
0 0.151272 0.272088 0.107095 0.292169 0.085007 0.316265 0.111111 0.348394 0.123159 0.364458 0.131191 0.390562 0.151272 0.380522 0.167336 0.336345 0.211513 0.322289
0 0.311914 0.492972 0.257697 0.492972 0.257697 0.444779 0.275770 0.436747 0.295850 0.382530 0.348059 0.408635 0.360107 0.444779 0.338019 0.472892
0 0.380187 0.533132 0.346051 0.533132 0.315930 0.515060 0.315930 0.494980 0.360107 0.480924 0.378179 0.492972
0 0.402276 0.440763 0.418340 0.408635 0.404284 0.378514 0.380187 0.364458 0.356091 0.408635 0.356091 0.436747
0 0.428380 0.579317 0.376171 0.579317 0.350067 0.533132 0.380187 0.525100 0.376171 0.480924 0.350067 0.466867 0.364123 0.442771 0.408300 0.446787 0.448460 0.460843 0.472557 0.509036 0.468541 0.549197 0.462517 0.569277
0 0.346051 0.818273 0.384203 0.792169 0.374163 0.768072 0.329987 0.737952 0.293842 0.756024 0.281794 0.782129 0.261713 0.796185 0.267738 0.814257 0.311914 0.834337 0.338019 0.842369
0 0.242637 0.949004 0.217537 0.946494 0.192436 0.928924 0.192436 0.913864 0.184906 0.895038 0.177376 0.874958 0.194946 0.862408 0.235107 0.876213 0.255187 0.917629
0 0.289073 0.941474 0.319193 0.941474 0.335509 0.923904 0.355589 0.903824 0.358099 0.863663 0.338019 0.846093 0.281543 0.820992 0.242637 0.819737 0.223812 0.843583 0.223812 0.866173 0.257697 0.916374 0.272758 0.936454
0 0.975569 0.610149 0.999414 0.606384 1.000000 0.544888 1.000000 0.505982 0.974314 0.504727 0.947958 0.516022 0.929133 0.522298 0.922858 0.532338 0.915328 0.554928 0.917838 0.582538 0.949214 0.572498
0 0.999414 0.438211 0.976824 0.457036 0.956744 0.479627 0.927878 0.489667 0.926623 0.512257 0.937918 0.518532 1.000000 0.504727
0 0.759705 0.817227 0.817436 0.805932 0.829987 0.775812 0.838772 0.750711 0.792336 0.725611 0.757195 0.748201 0.748410 0.783342
0 0.882697 0.793382 0.917838 0.768282 0.930388 0.748201 0.901523 0.715571 0.868892 0.710551 0.842537 0.754476
0 0.831242 0.876213 0.794846 0.815972 0.824967 0.805932 0.840027 0.751966 0.901523 0.797147
0 0.771001 0.887508 0.808651 0.868683 0.804886 0.839818 0.792336 0.817227 0.748410 0.822247 0.745900 0.844838 0.748410 0.866173
0 0.732095 0.873703 0.712015 0.866173 0.699465 0.833542 0.718290 0.813462 0.742135 0.810952 0.745900 0.831032
0 0.922858 0.677920 0.902778 0.694235 0.883952 0.705530 0.862617 0.677920 0.882697 0.657840 0.892738 0.649055 0.924113 0.664115
0 0.558902 0.613914 0.507446 0.593834 0.477326 0.622699 0.498661 0.671645 0.531292 0.675410 0.573963 0.666625 0.586513 0.642779
0 0.556392 0.723101 0.516232 0.715571 0.512467 0.740671 0.531292 0.763261 0.555137 0.744436 0.575218 0.755731 0.606593 0.751966 0.637969 0.756986 0.680639 0.754476 0.717035 0.731886 0.728330 0.700510 0.714525 0.667880 0.670599 0.656585 0.656794 0.637759 0.640479 0.656585 0.617888 0.665370 0.604083 0.647800 0.580238 0.657840 0.567687 0.677920 0.543842 0.682940 0.543842 0.714316
0 0.639224 0.800912 0.626673 0.800912 0.604083 0.788362 0.586513 0.774557 0.586513 0.755731 0.629183 0.750711 0.619143 0.770792 0.637969 0.784597
0 0.742135 0.743181 0.719545 0.729376 0.690679 0.753221 0.626673 0.756986 0.635458 0.803422 0.646754 0.833542 0.658049 0.853623 0.686914 0.839818 0.684404 0.815972 0.718290 0.804677 0.728330 0.768282
0 0.001116 0.255606 0.026216 0.263973 0.034583 0.243056 0.058846 0.230505 0.063030 0.216282 0.053826 0.185325 0.036256 0.153531 0.009482 0.146837 0.000000 0.153531 0.000000 0.257279
0 0.982597 0.209839 0.954485 0.231928 0.944444 0.280120 0.956493 0.316265 0.980589 0.360442 1.000000 0.368474 1.000000 0.219880
