0 0.291759 0.163697 0.308463 0.184855 0.304009 0.207127 0.318486 0.228285 0.327394 0.231626 0.341871 0.236080 0.363029 0.227171 0.378619 0.221604 0.400891 0.214922 0.420935 0.201559 0.423163 0.198218 0.426503 0.185969 0.433185 0.161470 0.434298 0.152561 0.422049 0.140312 0.419822 0.128062 0.412027 0.113586 0.409800 0.106904 0.405345 0.100223 0.400891 0.096882 0.396437 0.091314 0.389755 0.086860 0.384187 0.083519 0.368597 0.082405 0.367483 0.082405 0.325167 0.083519 0.325167 0.083519 0.316258 0.093541 0.305122 0.102450 0.295100 0.105791 0.291759 0.110245 0.283964 0.129176 0.288419 0.136971 0.290646 0.149220
0 0.174833 0.244989 0.159243 0.285078 0.126949 0.299555 0.097996 0.298441 0.076837 0.301782 0.051225 0.291759 0.027840 0.266147 0.024499 0.255011 0.015590 0.236080 0.012249 0.224944 0.022272 0.206013 0.033408 0.194878 0.044543 0.173719 0.052339 0.169265 0.080178 0.162584 0.084633 0.160356 0.110245 0.162584 0.133630 0.175947 0.145880 0.182628 0.163697 0.207127 0.177060 0.230512 0.174833 0.250557 0.169265 0.244989
0 0.075724 0.048998 0.091314 0.069042 0.106904 0.085746 0.129176 0.085746 0.134744 0.051225 0.145880 0.024499 0.140312 0.010022 0.125835 0.001114 0.114699 0.004454 0.101336 0.010022 0.086860 0.028953 0.085746 0.032294
0 0.573497 0.003341 0.574610 0.030067 0.594655 0.047884 0.621381 0.056793 0.639198 0.059020 0.646993 0.055679 0.659243 0.046771 0.662583 0.043430 0.670379 0.034521 0.669265 0.011136 0.663697 0.000000
0 0.688196 0.007795 0.683742 0.023385 0.683742 0.044543 0.687082 0.064588 0.702673 0.062361 0.726058 0.063474 0.730512 0.063474 0.749443 0.059020 0.758352 0.056793 0.769488 0.044543 0.779510 0.038976 0.783964 0.024499 0.785078 0.013363 0.782851 0.002227
0 0.836303 0.024499 0.840757 0.037862 0.841871 0.037862 0.848552 0.045657 0.851893 0.048998 0.857461 0.050111 0.883074 0.043430 0.900891 0.038976 0.916481 0.027840 0.910913 0.015590 0.906459 0.002227 0.850779 0.004454
0 0.383073 0.690423 0.358575 0.692650 0.354120 0.711581 0.364143 0.733853 0.364143 0.752784 0.371938 0.757238 0.406459 0.744989 0.412027 0.738307 0.410913 0.707127 0.408686 0.704900
0 0.573497 0.375278 0.570156 0.416481 0.580178 0.417595 0.587973 0.427617 0.609131 0.436526 0.612472 0.437639 0.635857 0.425390 0.648107 0.415367 0.639198 0.388641 0.630290 0.375278 0.616926 0.364143 0.610245 0.360802 0.603563 0.360802 0.589087 0.366370 0.580178 0.370824
0 0.650334 0.433185 0.639198 0.438753 0.636971 0.451002 0.638085 0.471047 0.642539 0.485523 0.653675 0.495546 0.673719 0.501114 0.682628 0.502227 0.690423 0.500000 0.706013 0.491091 0.716036 0.487751 0.726058 0.468820 0.723831 0.446548 0.719376 0.424276 0.699332 0.414254 0.694878 0.414254 0.670379 0.430958
0 0.262806 0.437639 0.299555 0.488864 0.306236 0.491091 0.314031 0.518931 0.310690 0.547884 0.307350 0.552338 0.253898 0.565702 0.238307 0.554566 0.221604 0.556793 0.216036 0.551225 0.213808 0.532294 0.218263 0.516704 0.236080 0.500000 0.247216 0.482183 0.251670 0.458797 0.263920 0.443207
0 0.267261 0.789532 0.286192 0.802895 0.291759 0.831849 0.285078 0.845212 0.260579 0.858575 0.250557 0.861915 0.238307 0.857461 0.226058 0.849666 0.219376 0.842984 0.214922 0.836303 0.213808 0.828508 0.222717 0.818486 0.224944 0.809577 0.233853 0.797327 0.239421 0.791759 0.250557 0.789532
0 0.668151 0.786192 0.649221 0.798441 0.660356 0.819599 0.660356 0.834076 0.665924 0.840757 0.687082 0.837417 0.719376 0.824053 0.723831 0.820713 0.733853 0.804009 0.731626 0.793987 0.732739 0.778396 0.730512 0.772829 0.708241 0.759465 0.693764 0.758352
0 0.967706 0.785078 0.965479 0.817372 0.972160 0.837417 0.976615 0.841871 0.997773 0.841871 1.000000 0.791759 1.000000 0.777283 0.987751 0.769488 0.973274 0.780624
0 0.643653 0.940980 0.615813 0.952116 0.595768 0.967706 0.592428 0.991091 0.655902 0.993318 0.667038 0.971047 0.657016 0.958797
0 0.408686 0.957684 0.393096 0.959911 0.387528 0.978842 0.396437 0.987751 0.416481 0.989978 0.415367 0.977728 0.419822 0.963252
0 0.430958 0.718263 0.446548 0.719376 0.467706 0.734967 0.469933 0.739421 0.453229 0.766147 0.453229 0.766147 0.432071 0.783964 0.408686 0.785078 0.406459 0.770601 0.412027 0.756125 0.419822 0.740535 0.425390 0.729399
