0 0.331995 0.484940 0.360107 0.503012 0.402276 0.498996 0.408300 0.452811 0.434404 0.436747 0.418340 0.400602 0.394244 0.382530 0.346051 0.410643 0.340027 0.446787
0 0.223561 0.328313 0.163320 0.308233 0.163320 0.270080 0.155288 0.215863 0.179384 0.159639 0.217537 0.161647 0.307898 0.207831 0.277778 0.247992 0.233601 0.288153
0 0.070950 0.033133 0.034806 0.059237 0.000000 0.039157 0.000000 0.000000 0.080991 0.000000
0 0.508701 0.256024 0.458501 0.260040 0.466533 0.217871 0.418340 0.223896 0.426372 0.207831 0.418340 0.181727 0.426372 0.163655 0.436412 0.139558 0.452477 0.117470 0.492637 0.109438 0.540830 0.095382 0.536814 0.117470 0.552878 0.139558 0.578983 0.167671 0.585007 0.195783 0.585007 0.211847 0.552878 0.211847 0.528782 0.250000 0.512717 0.225904
0 0.739625 0.408635 0.721553 0.404618 0.693440 0.400602 0.697456 0.382530 0.689424 0.372490 0.705489 0.346386 0.709505 0.312249 0.757697 0.336345 0.781794 0.360442 0.773762 0.376506 0.759705 0.384538
0 0.930388 0.521084 0.882195 0.541165 0.829987 0.535141 0.801874 0.476908 0.763722 0.452811 0.773762 0.412651 0.773762 0.388554 0.805890 0.358434 0.838019 0.316265 0.898260 0.326305 0.926372 0.352410 0.966533 0.376506 0.990629 0.422691 1.000000 0.450803 0.966533 0.488956
0 0.994645 0.735944 0.934404 0.743976 0.890228 0.737952 0.850067 0.699799 0.854083 0.637550 0.854083 0.599398 0.900268 0.569277 0.894244 0.527108 1.000000 0.442771 1.000000 0.561245
0 0.709505 0.517068 0.637215 0.531125 0.633199 0.569277 0.665328 0.601406 0.681392 0.619478 0.741633 0.641566 0.755689 0.621486 0.755689 0.581325
0 0.705489 0.772088 0.631191 0.768072 0.585007 0.750000 0.564926 0.705823 0.552878 0.651606 0.629183 0.585341 0.699464 0.625502 0.729585 0.681727 0.725569 0.737952
0 0.797858 0.677711 0.757697 0.617470 0.709505 0.645582 0.733601 0.713855 0.697456 0.786145 0.723561 0.812249 0.767738 0.828313
0 0.659304 0.992972 0.683400 0.968875 0.673360 0.930723 0.639224 0.926707 0.605087 0.962851 0.568942 0.954819 0.556894 0.976908 0.560910 0.998996
0 0.721553 0.866466 0.683400 0.930723 0.641232 0.934739 0.639224 0.896586 0.603079 0.850402 0.613119 0.808233 0.637215 0.770080 0.697456 0.774096 0.767738 0.824297
0 0.504685 0.705823 0.560910 0.685743 0.585007 0.758032 0.637215 0.758032 0.603079 0.846386 0.544846 0.862450 0.496653 0.860442 0.476573 0.830321 0.438420 0.814257
0 0.522758 0.902610 0.564926 0.954819 0.609103 0.966868 0.639224 0.922691 0.641232 0.886546 0.601071 0.844378 0.536814 0.862450
0 0.360107 0.942771 0.422356 0.958835 0.532798 0.910643 0.536814 0.860442 0.492637 0.860442 0.440428 0.810241 0.384203 0.886546
0 0.392236 0.992972 0.442436 0.942771 0.532798 0.908635 0.568942 0.962851 0.562918 1.000000
0 0.239625 0.998996 0.245649 0.970884 0.336011 0.938755 0.386211 0.958835 0.380187 0.982932 0.368139 1.000000
0 0.185408 0.998996 0.183400 0.966868 0.239625 0.962851 0.243641 0.990964
0 0.942436 0.280120 0.902276 0.264056 0.868139 0.284137 0.866131 0.308233 0.900268 0.324297 0.916332 0.336345
0 0.998661 0.207831 0.958501 0.179719 0.930388 0.211847 0.910308 0.243976 0.942436 0.268072 0.958501 0.282129
