0 0.104677 0.955457 0.125835 0.951002 0.130290 0.953229 0.132517 0.972160 0.123608 0.984410 0.113586 0.978842
0 0.714922 0.672606 0.687082 0.677060 0.668151 0.692650 0.672606 0.712695 0.683742 0.727171 0.701559 0.738307 0.724944 0.716036 0.728285 0.699332
0 0.665924 0.727171 0.643653 0.738307 0.634744 0.756125 0.646993 0.767261 0.669265 0.769488 0.689310 0.757238 0.682628 0.739421
0 0.836303 0.262806 0.814031 0.295100 0.822940 0.342984 0.839644 0.351893 0.880846 0.363029 0.897550 0.377506 0.912027 0.380846 0.933185 0.381960 0.952116 0.389755 0.969933 0.402004 0.994432 0.403118 0.995546 0.290646 0.993318 0.270601 0.942094 0.270601 0.870824 0.263920
0 0.881960 0.099109 0.914254 0.067929 0.937639 0.046771 0.944321 0.006682 0.916481 0.000000 0.889755 0.006682 0.873051 0.030067 0.874165 0.047884 0.878619 0.080178 0.889755 0.091314
0 0.023385 0.004454 0.011136 0.030067 0.023385 0.050111 0.043430 0.057906 0.064588 0.033408 0.061247 0.005568 0.022272 0.011136
0 0.075724 0.038976 0.089087 0.045657 0.111359 0.051225 0.134744 0.046771 0.145880 0.032294 0.152561 0.006682 0.131403 0.003341 0.115813 0.010022 0.104677 0.023385 0.087973 0.021158
0 0.270601 0.616926 0.258352 0.631403 0.259465 0.658129 0.283964 0.674833 0.309577 0.677060 0.317372 0.668151 0.320713 0.657016 0.320713 0.633630 0.307350 0.614699 0.292873 0.612472
0 0.178174 0.946548 0.160356 0.951002 0.143653 0.964365 0.149220 0.975501 0.159243 0.989978 0.168151 0.984410 0.172606 0.972160 0.183742 0.957684
0 0.815145 0.169265 0.786192 0.164811 0.770601 0.190423 0.761693 0.199332 0.750557 0.209354 0.748330 0.222717 0.749443 0.228285 0.755011 0.236080 0.768374 0.257238 0.773942 0.259465 0.788419 0.257238 0.797327 0.255011 0.808463 0.255011 0.820713 0.253898 0.825167 0.250557 0.844098 0.247216 0.847439 0.243875 0.851893 0.234967 0.851893 0.228285 0.848552 0.221604 0.840757 0.212695 0.834076 0.199332 0.834076 0.197105 0.829621 0.187082 0.825167 0.179287
0 0.995546 0.536748 0.971047 0.542316 0.955457 0.556793 0.938753 0.562361 0.923163 0.579065 0.914254 0.589087 0.910913 0.591314 0.908686 0.600223 0.915367 0.624722 0.918708 0.639198 0.925390 0.650334 0.929844 0.660356 0.943207 0.663697 0.962138 0.682628 0.972160 0.695991 0.981069 0.694878 1.000000 0.699332 1.000000 0.700445 1.000000 0.688196
0 0.241648 0.037862 0.232739 0.041203 0.236080 0.054566 0.234967 0.061247 0.237194 0.073497 0.261693 0.076837 0.267261 0.072383 0.278396 0.055679 0.271715 0.033408 0.256125 0.030067
