0 0.501887 0.625786 0.420126 0.622642 0.388679 0.671384 0.402830 0.754717 0.487736 0.781447 0.531761 0.729560 0.530189 0.676101
0 0.714151 0.616352 0.632390 0.567610 0.553774 0.584906 0.519182 0.635220 0.547484 0.721698 0.599371 0.754717 0.681132 0.761006 0.715723 0.709119 0.729874 0.660377
0 0.668553 0.792453 0.597799 0.792453 0.517610 0.841195 0.531761 0.897799 0.563208 0.949686 0.624528 0.981132 0.729874 0.957547 0.751887 0.872642 0.723585 0.819182
0 0.088365 0.033019 0.009748 0.050314 0.011321 0.114780 0.045912 0.168239 0.110377 0.154088 0.130818 0.100629 0.129245 0.058176 0.096226 0.034591
0 0.173270 0.825472 0.099371 0.842767 0.069497 0.908805 0.091509 0.968553 0.160692 0.993711 0.234591 0.962264 0.247170 0.880503 0.214151 0.834906
0 0.016038 0.205975 0.064780 0.179245 0.170126 0.179245 0.192138 0.268868 0.116667 0.358491 0.052201 0.361635 0.009748 0.339623
0 0.006604 0.372642 0.066352 0.400943 0.078931 0.452830 0.044340 0.509434 0.000000 0.523585
0 0.512893 0.927673 0.475157 0.930818 0.462579 0.960692 0.462579 0.988994 0.498742 0.996855 0.527044 0.985849 0.528616 0.951258
0 0.701572 0.792453 0.772327 0.842767 0.846226 0.819182 0.844654 0.740566 0.762893 0.710692 0.731447 0.710692 0.696855 0.748428
0 0.836792 0.566038 0.762893 0.566038 0.739308 0.643082 0.759748 0.691824 0.817924 0.710692 0.854088 0.666667 0.860377 0.610063
0 0.810063 0.987421 0.877673 0.955975 0.849371 0.911950 0.792767 0.900943 0.756604 0.935535 0.770755 0.977987
0 0.937421 0.773585 0.882390 0.812893 0.902830 0.844340 0.959434 0.845912 0.975157 0.811321
0 0.983019 0.852201 0.904402 0.866352 0.916981 0.899371 0.965723 0.921384 0.989308 0.918239
0 0.989308 0.933962 0.950000 0.938679 0.915409 0.976415 0.950000 0.985849 0.990880 0.993711
