0 0.657547 0.451258 0.560063 0.455975 0.465723 0.509434 0.472013 0.628931 0.494025 0.705975 0.547484 0.735849 0.709434 0.753145 0.772327 0.679245 0.758176 0.484277 0.695283 0.446541
0 0.909119 0.646226 0.827358 0.688679 0.825786 0.781447 0.894969 0.823899 0.975157 0.792453 0.986163 0.754717 1.000000 0.676101 0.942138 0.641509
0 0.016038 0.707547 0.222013 0.698113 0.275472 0.742138 0.286478 0.872642 0.247170 0.948113 0.100943 1.000000 0.000000 0.963836 0.000000 0.715409
0 0.311635 0.443396 0.242453 0.481132 0.242453 0.624214 0.306918 0.679245 0.402830 0.669811 0.448428 0.520440 0.394969 0.452830 0.327358 0.432390 0.319497 0.437107
0 0.154402 0.500000 0.055346 0.533019 0.058491 0.628931 0.130818 0.687107 0.198428 0.683962 0.231447 0.641509 0.229874 0.533019
0 0.992453 0.432390 0.857233 0.440252 0.839937 0.531447 0.898113 0.608491 0.983019 0.600629 1.000000 0.569182
0 0.929560 0.243711 0.852516 0.279874 0.832075 0.361635 0.849371 0.421384 0.899686 0.421384 0.978302 0.411950 1.000000 0.286164
0 0.898113 0.006289 0.858805 0.062893 0.909119 0.121069 0.948428 0.136792 0.984591 0.088050 0.973585 0.025157 0.937421 0.003145
0 0.758176 0.023585 0.665409 0.042453 0.655975 0.114780 0.707862 0.176101 0.748742 0.204403 0.806918 0.180818 0.846226 0.110063 0.822641 0.055031
0 0.619811 0.272013 0.481447 0.268868 0.437421 0.295597 0.443711 0.363208 0.446855 0.455975 0.567924 0.446541 0.640252 0.389937 0.648113 0.316038
0 0.052201 0.007862 0.097799 0.070755 0.154402 0.050314 0.185849 0.015723 0.192138 0.007862
0 0.215723 0.270440 0.122956 0.276730 0.126101 0.361635 0.214151 0.389937 0.261321 0.345912 0.244025 0.270440
0 0.405975 0.432390 0.424843 0.342767 0.360377 0.298742 0.317924 0.305031 0.258176 0.364780 0.266038 0.402516 0.313208 0.429245 0.374528 0.433962
0 0.398113 0.179245 0.333648 0.196541 0.352516 0.268868 0.390252 0.284591 0.420126 0.262579 0.431132 0.213836
0 0.306918 0.202830 0.253459 0.226415 0.269182 0.279874 0.314780 0.297170 0.336792 0.268868 0.327358 0.220126
0 0.556918 0.163522 0.473585 0.179245 0.450000 0.220126 0.475157 0.253145 0.514465 0.264151 0.580503 0.257862 0.596226 0.202830 0.563208 0.176101
0 0.531761 0.006289 0.492453 0.053459 0.538050 0.103774 0.604088 0.110063 0.643396 0.094340 0.644969 0.048742 0.640252 0.006289
0 0.688994 0.180818 0.624528 0.163522 0.575786 0.182390 0.599371 0.227987 0.619811 0.259434 0.662264 0.259434 0.696855 0.224843
