0 0.814163 0.073974 0.809653 0.101940 0.826793 0.113667 0.863780 0.129905 0.878214 0.123590 0.885431 0.100135 0.885431 0.073974 0.852052 0.056834 0.827695 0.054127
0 0.149301 0.071267 0.169147 0.116373 0.236806 0.138926 0.259360 0.167794 0.290934 0.178620 0.313487 0.168696 0.343257 0.141633 0.341452 0.118178 0.363103 0.109157 0.403699 0.115471 0.392873 0.080289 0.381146 0.044204 0.376635 0.022553 0.380244 0.000902 0.125846 0.000000 0.126748 0.030672 0.138475 0.049617 0.161028 0.065855
0 0.445196 0.585476 0.429860 0.614344 0.418133 0.634190 0.430762 0.675688 0.434371 0.706360 0.474966 0.703654 0.498421 0.711773 0.547136 0.724402 0.576906 0.722598 0.622012 0.709968 0.616599 0.694632 0.596752 0.674786 0.585927 0.634190 0.566982 0.603518 0.564276 0.574650 0.528191 0.555706 0.478575 0.543978
0 0.336040 0.502481 0.322508 0.523230 0.335138 0.561119 0.370320 0.580965 0.407307 0.608931 0.418133 0.620659 0.438881 0.586378 0.457826 0.559314 0.476770 0.530447 0.463239 0.505187 0.436175 0.474515 0.415426 0.436626 0.391069 0.445647 0.371222 0.483536
0 0.473162 0.458277 0.465043 0.489851 0.474966 0.516013 0.492106 0.536761 0.529996 0.543076 0.557059 0.562021 0.578710 0.576455 0.593144 0.552097 0.603969 0.534055 0.596752 0.487145 0.585927 0.469102 0.541723 0.445647 0.518268 0.434822 0.488498 0.452864
0 0.391971 0.713577 0.396482 0.733424 0.399188 0.751466 0.419937 0.761389 0.443392 0.749662 0.442490 0.728913 0.427154 0.703654 0.417230 0.694632 0.400992 0.690122 0.391069 0.697339
0 0.645467 0.937303 0.622012 0.944520 0.609382 0.964366 0.619305 0.986017 0.634641 1.000000 0.820478 1.000000 0.792512 0.959856 0.779883 0.940009 0.749211 0.906631 0.723049 0.903022 0.690573 0.925575
0 0.463239 0.726207 0.447903 0.738836 0.444294 0.764998 0.455120 0.790257 0.463239 0.817321 0.479477 0.839874 0.497519 0.847091 0.535408 0.852503 0.549842 0.862427 0.577808 0.870546 0.584123 0.855210 0.580514 0.837167 0.589535 0.806495 0.597654 0.781236 0.634641 0.753270 0.621110 0.732521 0.585025 0.732521 0.511051 0.733424 0.502030 0.718088
0 0.653586 0.730717 0.636446 0.743347 0.640956 0.756879 0.628327 0.769508 0.604871 0.785747 0.597654 0.804691 0.590437 0.827244 0.588633 0.850699 0.582318 0.868742 0.577808 0.885882 0.592242 0.907533 0.606676 0.920162 0.634641 0.909337 0.653586 0.913848 0.679747 0.908435 0.717636 0.900316 0.743798 0.873252 0.756428 0.867839 0.764547 0.857014 0.752819 0.830852 0.734777 0.806495 0.732070 0.795670 0.726658 0.783942 0.707713 0.776725 0.702300 0.749662 0.695986 0.727109 0.688769 0.711773
0 0.313487 0.329274 0.361299 0.359044 0.378439 0.363554 0.393775 0.362652 0.414524 0.392422 0.424447 0.415877 0.410916 0.434822 0.387461 0.440235 0.383852 0.459179 0.364908 0.483536 0.356788 0.483536 0.350474 0.489851 0.319802 0.465494 0.308976 0.435724 0.286423 0.422192 0.268381 0.409562 0.256653 0.380695 0.270185 0.361750
0 0.437077 0.345512 0.420839 0.359946 0.407307 0.365359 0.417230 0.383401 0.428056 0.406856 0.428958 0.424899 0.420839 0.427605 0.431664 0.452864 0.447000 0.482634 0.459630 0.483536 0.464141 0.463690 0.463239 0.442941 0.483987 0.435724 0.531800 0.405052 0.525485 0.370771 0.514659 0.339197 0.494813 0.313938
0 0.303563 0.275147 0.302661 0.296797 0.317997 0.326567 0.335138 0.337393 0.370320 0.351827 0.385656 0.359044 0.416328 0.354533 0.425350 0.341001 0.455120 0.327470 0.483987 0.310329 0.499323 0.299504 0.491204 0.272440 0.466847 0.239964 0.464141 0.204781 0.456924 0.183130 0.447000 0.159675 0.424447 0.135318 0.418133 0.125395 0.401894 0.139829 0.386558 0.151556 0.380244 0.160577 0.364908 0.165088 0.354082 0.165088 0.338746 0.174109 0.346865 0.199369 0.353180 0.202977 0.349571 0.213802 0.333333 0.215607 0.319802 0.237258 0.317997 0.246279 0.310780 0.253496
