0 0.335021 0.415994 0.363831 0.429526 0.392204 0.412065 0.388275 0.367978 0.361648 0.356192 0.336331 0.370160 0.329783 0.382819
0 0.383037 0.715439 0.402680 0.736392 0.426688 0.748614 0.469030 0.738138 0.470339 0.726789 0.473395 0.704527 0.467720 0.680082 0.441966 0.666550 0.408791 0.666114 0.390894 0.677463 0.384347 0.694923
0 0.503950 0.772622 0.530578 0.785281 0.558514 0.780043 0.566808 0.759963 0.569863 0.739447 0.550220 0.731154 0.524466 0.742066 0.507879 0.752543
0 0.427561 0.970797 0.456807 0.958575 0.469903 0.954210 0.490419 0.959885 0.500895 0.968178 0.506569 0.988258 0.508316 1.000000 0.430180 1.000000 0.425379 0.996115
0 0.921690 0.955956 0.923436 0.988258 0.927365 1.000000 1.000000 1.000000 1.000000 0.954210 0.986294 0.944170 0.959666 0.941551 0.940024 0.941551 0.929547 0.942861 0.922563 0.952464
0 0.918198 0.819329 0.947881 0.834607 0.979309 0.819765 0.983238 0.787027 0.974071 0.764328 0.943079 0.756035 0.914706 0.766948 0.909031 0.794011
0 0.762364 0.472740 0.782007 0.486272 0.810380 0.484526 0.847920 0.464883 0.885460 0.450041 0.899865 0.433891 0.906412 0.402462 0.893754 0.360120 0.857960 0.335676 0.812126 0.333057 0.765856 0.343097 0.736174 0.367105 0.733554 0.400279 0.753197 0.443057
0 0.837444 0.505915 0.823912 0.526431 0.851412 0.537780 0.856214 0.569645 0.846174 0.588852 0.837007 0.604566 0.839626 0.619844 0.849666 0.627701 0.851849 0.648217 0.857960 0.674844 0.873238 0.671788 0.884587 0.677463 0.893754 0.703217 0.899428 0.711511 0.924309 0.713693 0.951373 0.719804 0.963159 0.716312 0.958793 0.709765 0.967960 0.699725 0.985857 0.695796 1.000000 0.693614 1.000000 0.491510 0.986730 0.476669 0.965341 0.476232 0.957047 0.477978 0.922563 0.487581 0.894627 0.483216 0.869746 0.488454 0.844864 0.494565
0 0.918198 0.385875 0.936095 0.381509 0.944389 0.388494 0.954428 0.408137 0.962722 0.417740 0.970579 0.430399 0.972325 0.436946 0.970579 0.457026 0.966214 0.471867 0.939151 0.479288 0.917325 0.479288 0.892008 0.471867 0.888515 0.456153 0.896373 0.447859 0.905103 0.426906 0.914706 0.391113
0 0.974019 0.052503 0.962652 0.051962 0.946414 0.057375 0.918268 0.067118 0.896076 0.073613 0.872801 0.099053 0.869012 0.126116 0.874425 0.148309 0.877131 0.162923 0.867388 0.182950 0.864682 0.194858 0.872801 0.213802 0.885250 0.231664 0.889580 0.271719 0.901489 0.281461 0.917185 0.297700 0.939919 0.307984 0.958863 0.311773 0.970230 0.325304 0.972395 0.355074 0.979973 0.371313 0.990798 0.366441 1.000000 0.350744 1.000000 0.073613 0.989175 0.060081
0 0.872260 0.055751 0.912314 0.044926 0.950744 0.029229 0.969689 0.021651 0.994587 0.001083 0.997294 0.000000 0.820839 0.000000 0.819215 0.018945 0.825710 0.038972 0.846279 0.049256
0 0.592422 0.223545 0.632476 0.206225 0.649797 0.184574 0.648173 0.156969 0.630311 0.138566 0.615156 0.126658 0.585386 0.125034 0.562111 0.134777 0.548579 0.165629 0.546955 0.199729 0.564276 0.214885
0 0.368336 0.299865 0.380785 0.310149 0.412179 0.286333 0.399729 0.257645 0.377537 0.247361 0.361840 0.265765 0.360217 0.283085
0 0.406766 0.244114 0.408390 0.238701 0.423545 0.234371 0.446820 0.250609 0.450609 0.269553 0.436536 0.286333 0.417591 0.287415 0.407307 0.276590 0.400812 0.256022
0 0.487957 0.004871 0.512314 0.021110 0.524763 0.037889 0.539919 0.035724 0.555074 0.025440 0.569689 0.009202 0.570771 0.000000 0.491204 0.000000
0 0.469012 0.270095 0.503112 0.263599 0.517727 0.252233 0.520433 0.233829 0.513397 0.207848 0.494452 0.165629 0.473884 0.155345 0.448444 0.160217 0.442490 0.183491 0.442490 0.210014 0.444655 0.240866 0.451150 0.259269
