0 0.577562 0.512978 0.591094 0.531431 0.609136 0.528150 0.624308 0.522820 0.623488 0.503957 0.623078 0.484684 0.620618 0.474023 0.610366 0.472383 0.595194 0.471973 0.581662 0.477714 0.574281 0.487145
0 0.348341 0.816009 0.349571 0.833641 0.368024 0.846763 0.395088 0.843072 0.400008 0.822569 0.406979 0.806577 0.398368 0.781564 0.370074 0.788125 0.354082 0.799606 0.347931 0.806577
0 0.077295 0.985361 0.065814 1.000000 0.206462 1.000000 0.185550 0.972239 0.170788 0.962398 0.151515 0.964038 0.113790 0.967319 0.096978 0.974290
0 0.096568 0.897199 0.108049 0.914832 0.112970 0.936565 0.107639 0.950096 0.098618 0.970599 0.077705 0.981671 0.065404 0.989872 0.058433 1.000000 0.000000 1.000000 0.000000 0.841022 0.039980 0.872186 0.066224 0.883257 0.084676 0.891869
0 0.070734 0.827080 0.079346 0.842252 0.079346 0.856604 0.065404 0.871366 0.056793 0.875056 0.039570 0.864395 0.026449 0.853734 0.003485 0.838972 0.001845 0.822159 0.020298 0.816829 0.046541 0.816419
0 0.075655 0.875876 0.098618 0.884078 0.113380 0.888998 0.131012 0.893919 0.144954 0.887358 0.153155 0.873006 0.158076 0.857424 0.156846 0.845942 0.144954 0.821749 0.121991 0.802887 0.102719 0.792225 0.083036 0.779514 0.061713 0.783204 0.045721 0.796326 0.048181 0.811498 0.068684 0.823800 0.076475 0.829950 0.083446 0.845532 0.081806 0.854554 0.078936 0.865625
0 0.145774 0.782384 0.142494 0.800426 0.147005 0.817649 0.156436 0.826260 0.178169 0.825030 0.194161 0.816009 0.201952 0.811088 0.208513 0.794276 0.203182 0.765982 0.198261 0.748760 0.178579 0.745069 0.172838 0.752450 0.162587 0.760651 0.153565 0.772953
0 0.175298 0.954607 0.186370 0.960758 0.204412 0.959528 0.231476 0.949276 0.245828 0.940255 0.249518 0.917702 0.249928 0.898019 0.242137 0.886948 0.219584 0.875466 0.191290 0.875056 0.184730 0.876287 0.176939 0.884898 0.169968 0.891459 0.165457 0.904170 0.162587 0.920572 0.163407 0.934514
0 0.181039 0.843892 0.183909 0.862755 0.198261 0.872186 0.224505 0.870956 0.245828 0.877107 0.253209 0.862345 0.236806 0.841022 0.218354 0.839382 0.193341 0.842252
0 0.262561 0.774805 0.273473 0.781789 0.298791 0.788773 0.314505 0.782225 0.318870 0.771313 0.320616 0.749924 0.313196 0.740757 0.287878 0.732463 0.268672 0.740320 0.261251 0.755598
0 0.259941 0.610241 0.272600 0.618098 0.290061 0.624209 0.313196 0.622026 0.325854 0.612860 0.325854 0.594526 0.324981 0.579685 0.319743 0.560042 0.308394 0.547383 0.307958 0.539089 0.287878 0.540399 0.273037 0.547383 0.251211 0.556550 0.229386 0.566590 0.236806 0.574883 0.247719 0.585359 0.259505 0.587106 0.260815 0.601074
0 0.414029 0.522939 0.434545 0.536907 0.451133 0.542582 0.475577 0.550439 0.504387 0.543018 0.514863 0.536470 0.524903 0.527304 0.544982 0.516391 0.559824 0.510280 0.571609 0.495875 0.568117 0.472740 0.559387 0.459645 0.555895 0.452661 0.560697 0.444367 0.555895 0.433018 0.537125 0.416430 0.522720 0.408573 0.507443 0.389367 0.483434 0.386748 0.443712 0.395478 0.426688 0.405954 0.424942 0.418176 0.407918 0.437383 0.403553 0.456589 0.403117 0.477978 0.407482 0.512899 0.412283 0.525558
0 0.341132 0.643415 0.379545 0.647344 0.408355 0.649963 0.438037 0.627264 0.438910 0.616788 0.423633 0.592344 0.403990 0.568336 0.379982 0.555677 0.357720 0.546510 0.341132 0.556986 0.331529 0.566153 0.328037 0.571828 0.331093 0.599328 0.332839 0.619407
0 0.155179 0.655201 0.166965 0.679209 0.190100 0.691431 0.204505 0.710201 0.225894 0.728098 0.254267 0.740320 0.287878 0.727225 0.290497 0.703654 0.291807 0.676590 0.276965 0.637304 0.256013 0.616788 0.227640 0.604566 0.211925 0.602820 0.198394 0.602820 0.185735 0.620717 0.166528 0.628574 0.154306 0.637304
0 0.305775 0.690122 0.323672 0.690558 0.333712 0.686193 0.342005 0.678336 0.346370 0.657820 0.335021 0.639050 0.323672 0.621153 0.304902 0.625955 0.280457 0.632939 0.283076 0.654328 0.294426 0.667423
0 0.342580 0.314389 0.343031 0.335589 0.349797 0.368967 0.359720 0.404150 0.371899 0.417682 0.356563 0.446549 0.337167 0.463690 0.306044 0.469553 0.274921 0.466396 0.266351 0.473613 0.229815 0.458277 0.203654 0.431213 0.200947 0.406856 0.209968 0.395129 0.189220 0.367614 0.184709 0.359946 0.196888 0.350023 0.209968 0.331529 0.209968 0.313938 0.221696 0.304465 0.230717 0.299955 0.241092 0.299955 0.253721 0.279657 0.268606 0.264321 0.283942 0.258908 0.301985 0.256202 0.322282 0.267479 0.335363 0.268832 0.346189 0.275598 0.352503 0.288678 0.351601 0.302210
0 0.338521 0.513306 0.353857 0.536761 0.372801 0.542174 0.391295 0.540821 0.403022 0.527289 0.397609 0.502932 0.399414 0.492106 0.402120 0.482634 0.396707 0.461434 0.375056 0.447452 0.358818 0.453766 0.340325 0.465043 0.328146 0.475868 0.321831 0.488047 0.322733 0.508345
0 0.440911 0.608480 0.447226 0.600812 0.453090 0.569238 0.453090 0.556157 0.454443 0.546685 0.432792 0.539468 0.420162 0.531800 0.400316 0.539919 0.394452 0.551195 0.396707 0.560668 0.407984 0.566982 0.422869 0.588182
0 0.368742 0.396031 0.384078 0.371673 0.391295 0.359044 0.403924 0.343257 0.419260 0.316193 0.426477 0.295444 0.429635 0.280559 0.419260 0.268381 0.401218 0.251240 0.373252 0.233198 0.349346 0.224628 0.338069 0.216509 0.323184 0.236806 0.320027 0.247632 0.327244 0.262968 0.343031 0.269734 0.355210 0.277402 0.356563 0.299955 0.352954 0.313487 0.346189 0.322508 0.346189 0.342806 0.352503 0.372124 0.358367 0.387009
0 0.439558 0.392422 0.460307 0.387009 0.480153 0.381597 0.509021 0.381597 0.513983 0.383852 0.526613 0.384303 0.539242 0.351827 0.537889 0.331529 0.511276 0.319802 0.499549 0.305819 0.466170 0.299955 0.458954 0.312134 0.447677 0.316193 0.432792 0.333333 0.428281 0.352278 0.424673 0.370320 0.431439 0.384303
0 0.588859 0.158322 0.602391 0.166441 0.620433 0.170501 0.636220 0.154263 0.643437 0.139829 0.644790 0.120433 0.643888 0.108705 0.625395 0.112765 0.593369 0.122237 0.582093 0.130807 0.585701 0.149752
0 0.772440 0.102842 0.789129 0.114569 0.797700 0.115471 0.811682 0.110059 0.819350 0.091565 0.808976 0.073974 0.780559 0.072621 0.771087 0.079387 0.771087 0.096527
0 0.786423 0.237709 0.802661 0.237709 0.824312 0.225530 0.822959 0.207488 0.799053 0.195309 0.780559 0.210194 0.776500 0.225981
0 0.818448 0.036085 0.831980 0.032927 0.841452 0.024808 0.842806 0.004511 0.844610 0.000000 0.788678 0.000000 0.789581 0.014885 0.802661 0.027966 0.813938 0.036085
0 0.975868 0.008119 0.978124 0.030672 0.989851 0.046459 0.995715 0.051421 1.000000 0.050068 1.000000 0.000000 0.986694 0.000000
0 0.981281 0.134416 0.973613 0.142535 0.970456 0.153360 0.978124 0.170050 0.993911 0.180424 1.000000 0.186288 1.000000 0.123139
0 0.902797 0.091114 0.918133 0.111863 0.919486 0.124493 0.937077 0.141633 0.954217 0.136220 0.963690 0.132612 0.972260 0.109157 0.982634 0.095174 0.983987 0.067208 0.959179 0.051421 0.937979 0.045106 0.920388 0.057736 0.914073 0.062246 0.909563 0.074876
0 0.887912 0.067208 0.903248 0.063148 0.912720 0.058638 0.927605 0.048263 0.938881 0.042400 0.970004 0.041046 0.978575 0.035634 0.975417 0.015336 0.975417 0.001804 0.971358 0.000000 0.868065 0.000000 0.856788 0.008119 0.861750 0.046459 0.873929 0.056382
