0 0.656937 0.298344 0.676912 0.312520 0.697532 0.328629 0.725240 0.316386 0.754237 0.297055 0.760036 0.260970 0.767769 0.216509 0.762614 0.160448 0.737483 0.166248 0.700754 0.177847 0.673690 0.190090 0.670468 0.215220 0.658225 0.244861 0.648560 0.269347
0 0.543527 0.263548 0.577035 0.264192 0.615697 0.240995 0.647915 0.207488 0.639539 0.181068 0.624718 0.170114 0.626651 0.134674 0.616341 0.111476 0.592499 0.079902 0.549327 0.072170 0.519041 0.084413 0.502932 0.108254 0.501643 0.141762 0.501643 0.181713 0.502288 0.217798 0.506154 0.238417 0.525485 0.248727
0 0.477801 0.025775 0.497777 0.019976 0.515819 0.012887 0.518397 0.000000 0.427540 0.000000 0.450738 0.019976
0 0.397255 0.808042 0.446227 0.809975 0.495844 0.817707 0.517752 0.805464 0.537084 0.779689 0.548682 0.749404 0.550615 0.727495 0.546749 0.686256 0.521619 0.636639 0.504221 0.618597 0.466203 0.614730 0.442361 0.621818 0.385656 0.635995 0.366970 0.679168 0.376635 0.700432 0.399188 0.705587 0.397899 0.721696 0.392100 0.759070 0.395966 0.777756 0.394033 0.800954
0 0.374058 0.858947 0.390811 0.878278 0.410142 0.893099 0.432051 0.893743 0.458470 0.889233 0.482312 0.873123 0.491978 0.847348 0.494555 0.828662 0.484245 0.821574 0.448160 0.817063 0.409498 0.817063 0.388234 0.817063 0.371480 0.823507 0.374058 0.835750 0.373413 0.853792
0 0.355371 0.957536 0.377924 0.953025 0.417875 0.958180 0.443005 0.958180 0.453960 0.926606 0.459115 0.911786 0.448160 0.895676 0.406276 0.896965 0.392744 0.882789 0.374702 0.880211 0.370191 0.899542 0.366325 0.916296 0.342483 0.926606 0.340550 0.947870
0 0.181391 0.597977 0.188479 0.621174 0.220053 0.637928 0.283201 0.642438 0.315420 0.641150 0.336684 0.640505 0.354082 0.627618 0.359881 0.609575 0.351505 0.590244 0.337328 0.570269 0.323152 0.554804 0.303177 0.532895 0.291578 0.529029 0.289645 0.545783 0.277402 0.555448 0.234229 0.556093 0.200722 0.561247 0.185257 0.572846
0 0.353438 0.512275 0.343128 0.526451 0.342483 0.544494 0.348927 0.572202 0.362459 0.601199 0.374058 0.625685 0.403699 0.626973 0.491978 0.604420 0.502288 0.609575 0.499710 0.568980 0.487467 0.528385 0.465558 0.501965 0.408854 0.497455 0.365681 0.503254
0 0.437206 0.492300 0.484890 0.491011 0.524196 0.479412 0.589922 0.467169 0.628584 0.438173 0.630517 0.415620 0.629229 0.371802 0.635028 0.349894 0.615697 0.325408 0.585411 0.308654 0.547394 0.317675 0.494555 0.341517 0.441717 0.352471 0.423030 0.383401 0.415942 0.428507 0.425607 0.491011
0 0.515175 0.595399 0.548682 0.602487 0.571880 0.596688 0.589278 0.580579 0.589278 0.556093 0.607320 0.540628 0.628584 0.528385 0.644694 0.507765 0.661447 0.492300 0.663380 0.465236 0.649204 0.449771 0.626007 0.451704 0.604098 0.463947 0.586056 0.476835 0.551260 0.479412 0.499710 0.493589 0.474580 0.500677 0.488111 0.525163 0.502932 0.547071 0.506798 0.568980 0.505509 0.593466
0 0.739305 0.919642 0.761684 0.935256 0.775216 0.931092 0.789268 0.922244 0.795514 0.901426 0.790830 0.881649 0.780941 0.868637 0.762725 0.868637 0.738264 0.875924 0.729937 0.892058 0.729937 0.909753
0 0.061674 0.913917 0.091860 0.905590 0.102269 0.917040 0.112678 0.935256 0.125169 0.924846 0.127771 0.901426 0.140262 0.899344 0.144426 0.884772 0.160040 0.870719 0.178255 0.851983 0.176694 0.835849 0.153794 0.825960 0.132976 0.818153 0.115281 0.817633 0.080410 0.815551 0.075726 0.809306 0.059072 0.813469 0.056990 0.829083 0.043458 0.841574 0.046581 0.859269 0.054908 0.877485 0.048662 0.895181 0.052826 0.907672
