0 0.600756 0.903248 0.589479 0.930311 0.585532 0.952864 0.601883 0.957375 0.623309 0.951173 0.659957 0.947790 0.680255 0.943279 0.689840 0.920162 0.678000 0.893099 0.644734 0.872801 0.639659 0.868854 0.619926 0.877312 0.604138 0.892535
0 0.736637 0.841227 0.776105 0.842918 0.811626 0.842918 0.825722 0.820929 0.829105 0.800068 0.826849 0.783717 0.816137 0.756089 0.802041 0.740866 0.786818 0.727334 0.771594 0.726207 0.741148 0.738611 0.722542 0.761728 0.715776 0.787664 0.714084 0.810780 0.726489 0.831642
0 0.916497 0.995151 0.930593 0.972598 0.941306 0.960194 0.961604 0.943843 0.983029 0.934822 1.000000 0.934822 1.000000 1.000000 0.913115 1.000000
0 0.659675 0.515770 0.670605 0.545956 0.691423 0.554804 0.710159 0.551161 0.736702 0.538149 0.753877 0.504320 0.754918 0.478818 0.744509 0.457479 0.725252 0.449672 0.704434 0.449152 0.679973 0.457479 0.661757 0.468929 0.657073 0.489227
0 0.811127 0.486624 0.829343 0.483502 0.844957 0.472052 0.865775 0.473093 0.905329 0.468929 0.904289 0.450193 0.918341 0.437702 0.927189 0.414281 0.934995 0.397106 0.939679 0.376288 0.935516 0.363797 0.938639 0.351306 0.942282 0.321120 0.944363 0.294056 0.926668 0.283127 0.916259 0.266472 0.913657 0.245134 0.884511 0.231082 0.865255 0.223795 0.850161 0.211304 0.833507 0.205059 0.775216 0.226397 0.750755 0.245134 0.741907 0.274279 0.748673 0.292495 0.774696 0.298741 0.765327 0.322681 0.756480 0.341418 0.736702 0.341938 0.713282 0.348184 0.723691 0.376809 0.725252 0.393463 0.730977 0.426252 0.770532 0.462163
0 0.370948 0.476555 0.380361 0.499500 0.414485 0.525387 0.450374 0.548332 0.481556 0.560099 0.515091 0.549509 0.530976 0.526564 0.560393 0.518915 0.560981 0.497735 0.538036 0.460670 0.537448 0.427134 0.519798 0.409484 0.467435 0.386539 0.420957 0.396541 0.382715 0.445961
0 0.522739 0.301230 0.498617 0.308290 0.472142 0.329470 0.462140 0.374184 0.473907 0.388304 0.513326 0.401247 0.533918 0.408896 0.542154 0.387127 0.544508 0.357122 0.560393 0.327117 0.562158 0.311820 0.536859 0.299465
0 0.290345 0.287109 0.299170 0.310643 0.320351 0.336530 0.342708 0.318291 0.349179 0.285933 0.358593 0.264164 0.344473 0.246514 0.326822 0.220627 0.312114 0.205919 0.291522 0.205330 0.281520 0.235336 0.296229 0.241219 0.299170 0.266518
0 0.583559 0.531606 0.569544 0.563986 0.582109 0.598299 0.609656 0.606031 0.644452 0.600715 0.674415 0.571235 0.670549 0.551421 0.664750 0.528707 0.651218 0.490044 0.629470 0.486661 0.603373 0.487628 0.590808 0.506959
0 0.533573 0.696188 0.558770 0.693855 0.578368 0.688255 0.591433 0.667724 0.602632 0.653726 0.572302 0.637861 0.531706 0.640661 0.522374 0.656992 0.518641 0.679390
