0 0.672212 0.565152 0.660272 0.593807 0.664252 0.627239 0.691316 0.647138 0.726339 0.642362 0.758179 0.618483 0.760567 0.585847 0.737483 0.554804 0.749423 0.525352 0.724747 0.526148 0.704848 0.535700
0 0.474807 0.686142 0.476399 0.718777 0.498687 0.749025 0.543262 0.762557 0.602961 0.751413 0.630821 0.749821 0.639577 0.721961 0.631617 0.690918 0.610921 0.663854 0.587041 0.678182 0.540874 0.680570 0.528138 0.657486 0.492319 0.658282
0 0.835390 0.456897 0.814694 0.494309 0.813102 0.526148 0.819470 0.561172 0.859269 0.596991 0.899865 0.604951 0.935684 0.613707 0.982647 0.619279 1.000000 0.609727 1.000000 0.462469 0.957972 0.416302 0.892701 0.383666 0.869617 0.401974 0.850513 0.433018
0 0.849717 0.783252 0.819470 0.809520 0.786038 0.846931 0.746239 0.905039 0.732707 0.948022 0.732707 0.988617 0.735095 1.000000 1.000000 0.997373 1.000000 0.769721 0.965932 0.748229 0.912600 0.760965 0.891109 0.749025 0.862453 0.764149
0 0.567938 0.124970 0.581469 0.147258 0.602961 0.182281 0.656292 0.187057 0.682560 0.192629 0.699276 0.218897 0.745443 0.214917 0.769323 0.210141 0.778078 0.181485 0.809122 0.163178 0.822654 0.145666 0.790814 0.117806 0.777282 0.094723 0.773303 0.075619 0.732707 0.063679 0.677784 0.078007 0.602961 0.089151 0.567938 0.124174
0 0.555202 0.023084 0.560774 0.062087 0.548038 0.089151 0.571122 0.108254 0.595001 0.089151 0.684152 0.070047 0.737483 0.057311 0.722359 0.029452 0.703256 0.000000 0.562366 0.000000
0 0.613329 0.902571 0.584235 0.924222 0.579499 0.946549 0.593031 0.953992 0.628890 0.966847 0.662720 0.974290 0.678958 0.958728 0.700609 0.957375 0.722260 0.954668 0.724290 0.917456 0.699932 0.895129 0.674899 0.887686 0.642422 0.883627 0.620095 0.895805
0 0.739175 0.751691 0.722260 0.784168 0.734438 0.801082 0.768268 0.811908 0.798714 0.809878 0.810893 0.793640 0.824425 0.763870 0.823072 0.722598 0.781800 0.721245 0.756089 0.733424
0 0.655165 0.698391 0.637122 0.710419 0.640881 0.718689 0.636370 0.745001 0.652158 0.760036 0.674711 0.763043 0.687491 0.754022 0.704781 0.743497 0.740866 0.738987 0.750639 0.707412 0.749135 0.681101 0.707037 0.669072 0.687491 0.671328
0 0.061570 0.953992 0.027740 0.960307 0.018268 0.978349 0.000226 0.992332 0.011051 1.000000 0.200947 1.000000 0.195083 0.967073 0.175688 0.953992 0.162156 0.924673 0.142760 0.914299 0.108931 0.923320 0.085927 0.940911
0 0.003383 0.935949 0.035408 0.931439 0.061119 0.930086 0.080063 0.922418 0.077357 0.914750 0.093144 0.925575 0.116148 0.912043 0.146369 0.900767 0.132386 0.870997 0.128778 0.848444 0.122463 0.816419 0.113893 0.796572 0.113893 0.784844 0.100361 0.774921 0.097654 0.759134 0.104871 0.749662 0.087731 0.731619 0.063825 0.707262 0.048489 0.691024 0.037664 0.687867 0.005187 0.702751 0.000000 0.712675 0.000000 0.941362
