0 0.229118 0.661828 0.212511 0.671669 0.206360 0.693812 0.220507 0.728872 0.245110 0.743019 0.261717 0.737483 0.276479 0.749170 0.317690 0.737483 0.328761 0.727642 0.346599 0.709804 0.354595 0.683356 0.355210 0.653832 0.355825 0.635995 0.339833 0.615082 0.326301 0.601550 0.314614 0.598475 0.288781 0.602165 0.265408 0.619387 0.253106 0.631689
0 0.269098 0.778694 0.266638 0.797761 0.263563 0.811293 0.274634 0.841432 0.300467 0.848198 0.333682 0.844507 0.356440 0.835281 0.366896 0.832206 0.367511 0.808217 0.351519 0.771313 0.333067 0.748555 0.307233 0.748555 0.291856 0.767622
0 0.159614 0.864190 0.151003 0.880797 0.141161 0.894329 0.135626 0.911551 0.135626 0.943535 0.154078 0.977980 0.173761 1.000000 0.325686 1.000000 0.334912 0.960758 0.348444 0.960758 0.344753 0.932464 0.298622 0.913396 0.275249 0.906016 0.288781 0.876492 0.283245 0.857424 0.226658 0.843892 0.202669 0.850043 0.177451 0.856194
0 0.292471 0.856809 0.292471 0.872801 0.291856 0.885103 0.296162 0.903555 0.309694 0.915242 0.333067 0.918317 0.354595 0.914012 0.357670 0.886948 0.363821 0.872801 0.362591 0.858654 0.342293 0.850043 0.325686 0.850043
0 0.012686 0.402571 0.017760 0.435837 0.027346 0.458954 0.032984 0.467411 0.031292 0.478124 0.026782 0.495602 0.026782 0.526613 0.049335 0.541836 0.061175 0.549166 0.084292 0.549166 0.110228 0.555368 0.128270 0.555931 0.133908 0.541272 0.134472 0.527176 0.135600 0.517027 0.154770 0.511389 0.171685 0.514772 0.193110 0.509698 0.192546 0.491655 0.201004 0.480379 0.198184 0.466847 0.184089 0.464028 0.176759 0.448805 0.178451 0.433581 0.170557 0.408773 0.154206 0.385656 0.133908 0.387912 0.115302 0.413284 0.070760 0.401443 0.035239 0.388475
0 0.000846 0.439783 0.012686 0.449369 0.029037 0.470794 0.027346 0.483762 0.022835 0.502932 0.026218 0.531123 0.040313 0.542400 0.044824 0.550293 0.043696 0.564389 0.026782 0.577921 0.009303 0.584687 0.000000 0.571719 0.000000 0.445422
0 0.001410 0.346189 0.008175 0.354646 0.023963 0.369305 0.030165 0.379454 0.026782 0.387912 0.014941 0.394114 0.009303 0.405954 0.015505 0.433018 0.015505 0.443166 0.002537 0.434709 0.000000 0.431890 0.000000 0.350135
0 0.734382 0.810780 0.729308 0.825440 0.727052 0.846865 0.745095 0.876748 0.797530 0.873929 0.814445 0.869418 0.838690 0.860961 0.838126 0.840663 0.824030 0.814163 0.796967 0.795557 0.777797 0.787664 0.766520 0.789355 0.747350 0.797812
0 0.944125 0.891971 0.949763 0.913396 0.949199 0.920162 0.941306 0.935386 0.929466 0.945534 0.922136 0.962449 0.930593 0.984438 0.934540 1.000000 1.000000 1.000000 1.000000 0.957939 1.000000 0.879567 0.990922 0.860397 0.976827 0.877876 0.963295 0.881822
0 0.968933 0.134190 0.964423 0.152233 0.964423 0.169711 0.964423 0.197339 0.961604 0.213690 0.963859 0.231168 0.979082 0.240753 0.993178 0.244136 1.000000 0.244136 1.000000 0.111637 0.980774 0.122350
0 0.531123 0.215005 0.547662 0.233799 0.558187 0.252594 0.552173 0.278905 0.570967 0.301458 0.593520 0.302962 0.610059 0.318749 0.626598 0.321756 0.647647 0.310480 0.662682 0.281161 0.673959 0.260863 0.674711 0.236055 0.674711 0.210495 0.677718 0.193204 0.695008 0.172906 0.689746 0.153360 0.673959 0.145091 0.630356 0.105999 0.607052 0.117276 0.595023 0.132311 0.586754 0.150353 0.576229 0.176665 0.551421 0.169899 0.537889 0.176665 0.531875 0.201473
0 0.580901 0.425930 0.578323 0.450416 0.581545 0.472324 0.606676 0.480701 0.637606 0.469747 0.669824 0.456215 0.661447 0.415620 0.638250 0.400155 0.620852 0.391778 0.606676 0.396288
0 0.689155 0.480057 0.681423 0.501321 0.680134 0.521296 0.687867 0.547071 0.702043 0.564469 0.729751 0.581867 0.756814 0.570269 0.776790 0.554804 0.787100 0.527740 0.775501 0.493589 0.741994 0.463303 0.702687 0.449127 0.691088 0.463303
0 0.432695 0.496166 0.430118 0.509053 0.425607 0.539983 0.435273 0.585734 0.438495 0.609575 0.442361 0.621174 0.481668 0.632773 0.509376 0.646949 0.539017 0.646304 0.560281 0.627618 0.545460 0.604420 0.544172 0.578001 0.558348 0.558026 0.570591 0.530318 0.577679 0.509698 0.569947 0.487145 0.525485 0.463947 0.482956 0.454282 0.461692 0.472969
0 0.572524 0.541916 0.595721 0.547071 0.623429 0.565758 0.651137 0.566402 0.658870 0.576712 0.653070 0.591533 0.661447 0.616019 0.634384 0.639216 0.580256 0.633417 0.558992 0.618597 0.551904 0.599265 0.547394 0.578001
0 0.597010 0.502610 0.589922 0.518075 0.595077 0.547716 0.613764 0.554159 0.634384 0.556093 0.644049 0.556737 0.661447 0.536761 0.665958 0.516786 0.653715 0.501321 0.624074 0.500677
0 0.653070 0.558026 0.655648 0.565758 0.662736 0.581223 0.656937 0.599265 0.669180 0.606998 0.681423 0.609575 0.693021 0.599910 0.703976 0.582512 0.698821 0.561892 0.684000 0.549004 0.669180 0.538050 0.656937 0.550938
0 0.637606 0.657259 0.634384 0.672079 0.649849 0.694632 0.671113 0.702365 0.714286 0.704942 0.716863 0.703654 0.725884 0.667569 0.728462 0.650171 0.707842 0.625685 0.690444 0.624396 0.656292 0.634706
0 0.506798 0.420130 0.503576 0.445905 0.522907 0.452993 0.549327 0.441394 0.568013 0.436884 0.581545 0.422708 0.600232 0.394355 0.595077 0.376957 0.576390 0.368580 0.564147 0.346672 0.545460 0.345383 0.542883 0.375024 0.544816 0.384045 0.528707 0.396288 0.511953 0.402732
0 0.614408 0.490367 0.643405 0.494233 0.657581 0.496810 0.665958 0.497455 0.675623 0.496810 0.682711 0.477479 0.684645 0.465236 0.685289 0.443328 0.673046 0.438817 0.675623 0.452349 0.670468 0.461370 0.656937 0.468458 0.635672 0.478768 0.619563 0.483279
