0 0.239344 0.146031 0.277684 0.159562 0.315460 0.143212 0.334066 0.112201 0.332939 0.093595 0.295726 0.065968 0.278248 0.065404 0.257950 0.072733 0.241035 0.087393 0.240471 0.107127 0.236525 0.134754
0 0.715212 0.470794 0.743967 0.462900 0.773286 0.450496 0.781179 0.435837 0.774977 0.412156 0.765392 0.378890 0.745659 0.380582 0.727616 0.385656 0.702808 0.381710 0.695478 0.389603 0.683638 0.427943 0.678563 0.431890 0.690404 0.455571 0.703372 0.466847
0 0.891689 0.965832 0.885487 0.987258 0.892817 1.000000 0.975135 1.000000 0.974008 0.954556 0.952018 0.939332 0.939614 0.925801 0.921572 0.930311 0.908604 0.938769
0 0.591170 0.819238 0.639659 0.787664 0.631202 0.764547 0.619362 0.744813 0.600192 0.740302 0.575947 0.755526 0.562415 0.768493 0.555650 0.792174 0.578202 0.798376 0.588351 0.812472
0 0.711829 0.690122 0.727616 0.701398 0.747350 0.704217 0.767648 0.699143 0.775541 0.691249 0.782307 0.670388 0.773850 0.645580 0.747914 0.623590 0.732127 0.634303 0.715212 0.645580 0.703936 0.661367
0 0.705063 0.634303 0.716340 0.637686 0.734382 0.633739 0.745659 0.620771 0.744531 0.607803 0.738329 0.594272 0.694914 0.586378 0.670670 0.598782 0.670670 0.616261 0.688148 0.624154
0 0.716340 0.582431 0.737765 0.582995 0.760318 0.577921 0.777233 0.568336 0.785126 0.551421 0.786818 0.535070 0.782307 0.515900 0.755244 0.506879 0.735510 0.492219 0.721978 0.491655 0.714084 0.510262 0.699989 0.523793 0.692659 0.528304 0.684765 0.548602 0.681383 0.563261 0.688712 0.582431 0.704499 0.583559
0 0.749605 0.801195 0.771031 0.801195 0.785690 0.801195 0.800350 0.801759 0.812754 0.779206 0.816701 0.756089 0.807679 0.742557 0.775541 0.718313 0.756935 0.727898 0.746786 0.745940 0.738329 0.768493 0.750169 0.796685
0 0.316024 0.924673 0.347034 0.916216 0.382555 0.901556 0.415821 0.882950 0.441193 0.866035 0.458672 0.838972 0.465438 0.811344 0.465438 0.786536 0.457544 0.761728 0.427097 0.734100 0.404544 0.723387 0.373534 0.735228 0.336322 0.758345 0.303056 0.786536 0.287833 0.810216 0.268099 0.843482 0.262461 0.872237 0.262461 0.902120 0.270354 0.929747 0.297418 0.933694 0.318843 0.924673
0 0.432172 0.670388 0.444576 0.700271 0.457544 0.713239 0.462618 0.747068 0.466001 0.766238 0.494193 0.762855 0.514490 0.743121 0.537607 0.730153 0.553394 0.723951 0.564671 0.704217 0.572564 0.683920 0.587788 0.664186 0.589479 0.648963 0.565798 0.623027 0.557341 0.601601 0.550011 0.588069 0.517873 0.588069 0.494756 0.590325 0.466001 0.595399 0.451342 0.603857 0.429353 0.633175 0.417512 0.652346 0.423714 0.669260
0 0.384247 0.726207 0.406800 0.721132 0.416949 0.723387 0.427097 0.722824 0.437810 0.716058 0.433863 0.691249 0.423151 0.673207 0.405108 0.668133 0.392140 0.669824 0.371843 0.687303 0.369587 0.704217 0.370151 0.720568
0 0.604138 0.731281 0.626128 0.743685 0.645862 0.765111 0.665595 0.765674 0.677436 0.747632 0.687021 0.730717 0.696606 0.707600 0.692659 0.677718 0.694350 0.652346 0.661085 0.639378 0.634021 0.639941 0.624436 0.666441 0.616543 0.665313 0.603011 0.669260 0.597936 0.682228 0.590043 0.700271 0.578202 0.712111 0.583277 0.725643 0.600756 0.731281
0 0.805988 0.681101 0.829668 0.695196 0.850530 0.696324 0.865753 0.682228 0.871392 0.673207 0.884923 0.651782 0.897891 0.633175 0.889998 0.617952 0.842636 0.610059 0.805988 0.589761 0.791328 0.592016 0.768775 0.616825 0.767084 0.631484 0.778360 0.647271 0.788509 0.659111 0.802041 0.674335
0 0.847147 0.202977 0.877030 0.184935 0.897327 0.189445 0.909732 0.152233 0.903530 0.125169 0.875902 0.105435 0.856168 0.116148 0.839253 0.127424 0.804860 0.142648 0.799786 0.158999 0.818956 0.188881 0.836998 0.192264
0 0.857296 0.258796 0.876466 0.258796 0.890562 0.248647 0.902966 0.234551 0.909168 0.220456 0.896764 0.195647 0.882668 0.191701 0.869136 0.193956 0.839253 0.213126 0.817828 0.192828 0.791892 0.187754 0.772158 0.206360 0.762009 0.223839 0.758063 0.246955 0.758063 0.259360 0.756935 0.279657 0.764829 0.291498 0.776669 0.297700 0.811626 0.293189 0.846019 0.275710
0 0.963859 0.119531 0.968933 0.133627 0.980774 0.139265 0.994869 0.138137 1.000000 0.134754 1.000000 0.078936 0.985848 0.085701 0.972880 0.091340 0.966114 0.107127
0 0.933976 0.211434 0.956529 0.201849 0.959348 0.190009 0.964423 0.177041 0.977391 0.160690 0.976827 0.149977 0.969497 0.140392 0.958221 0.124041 0.930593 0.120095 0.916497 0.132499 0.917061 0.146594 0.905785 0.175350 0.902402 0.191701 0.906912 0.204668
0 0.870828 0.082318 0.873647 0.091340 0.886615 0.104308 0.905221 0.121222 0.917625 0.120095 0.925519 0.096414 0.925519 0.072170 0.919881 0.038904 0.914242 0.019170 0.892253 0.015787 0.876466 0.020862 0.860679 0.034393 0.855041 0.052436 0.847147 0.063148 0.862370 0.077808
0 0.887179 0.286423 0.913115 0.298263 0.933412 0.296572 0.942997 0.294317 0.948072 0.270072 0.948636 0.257104 0.931721 0.237934 0.909732 0.236243 0.899583 0.243572 0.884359 0.264434 0.881540 0.276838
0 0.830796 0.320253 0.840381 0.336040 0.872519 0.345061 0.885487 0.336040 0.892253 0.315178 0.891125 0.298827 0.884359 0.290934 0.874774 0.276274 0.853913 0.273455 0.839817 0.281349 0.831924 0.296008
0 0.842207 0.370065 0.843384 0.390657 0.845738 0.408896 0.869859 0.422427 0.886921 0.417721 0.892216 0.387127 0.885156 0.356533 0.867506 0.350062 0.849856 0.348885 0.840442 0.361829
0 0.007073 0.518514 0.026756 0.494526 0.041518 0.476688 0.046439 0.453930 0.049514 0.434863 0.021835 0.423176 0.002153 0.429327 0.000000 0.442859 0.000000 0.512978
