0 0.253522 0.192629 0.256706 0.253920 0.273422 0.316803 0.310833 0.354215 0.361777 0.364563 0.402372 0.345459 0.441375 0.296108 0.456499 0.234021 0.442171 0.175117 0.389636 0.179097 0.332325 0.176709 0.287750 0.183077
0 0.269442 0.158402 0.255910 0.134522 0.259094 0.093131 0.281382 0.037411 0.318793 0.030248 0.388840 0.015124 0.404760 0.053331 0.441208 0.077630 0.427048 0.135318 0.419884 0.160790 0.405556 0.175913 0.297302 0.167954
0 0.511422 0.108254 0.509034 0.145666 0.533710 0.169545 0.571122 0.172729 0.579081 0.148054 0.583061 0.086763 0.573510 0.062087 0.557590 0.065271 0.521770 0.089947
0 0.592613 0.087559 0.614901 0.070047 0.631617 0.070047 0.647536 0.089947 0.675396 0.125766 0.673804 0.152830 0.653108 0.172729 0.639577 0.197405 0.608533 0.179097 0.581469 0.166362 0.586245 0.136114 0.586245 0.093131
0 0.601369 0.568336 0.591021 0.604155 0.616493 0.648730 0.617289 0.680570 0.644352 0.690918 0.669824 0.699674 0.707236 0.688530 0.731115 0.697286 0.762955 0.689326 0.801162 0.663854 0.828226 0.640770 0.805938 0.608931 0.817082 0.570724 0.815490 0.542068 0.791610 0.548436 0.778078 0.498289 0.747831 0.463265 0.702460 0.465653 0.686540 0.487145 0.661864 0.511024 0.669824 0.557192 0.636393 0.556396
0 0.586245 0.440181 0.579081 0.451325 0.567142 0.486349 0.555998 0.503861 0.571918 0.528536 0.602165 0.538884 0.641169 0.547640 0.661864 0.545252 0.660272 0.522964 0.658680 0.506249 0.673008 0.490329 0.688928 0.479185 0.692908 0.464061 0.658680 0.440977 0.626841 0.430630 0.593409 0.433814
0 0.727135 0.231633 0.739075 0.263472 0.761363 0.292924 0.780466 0.295312 0.802754 0.264268 0.802754 0.234021 0.783650 0.222877 0.756587 0.222877
0 0.903049 0.249144 0.909417 0.293720 0.930908 0.297700 0.944440 0.286556 0.958768 0.251532 0.961952 0.218101 0.949216 0.198997 0.931704 0.203773 0.905437 0.231633
0 0.956380 0.304863 0.979464 0.309639 0.987423 0.309639 1.000000 0.278596 1.000000 0.206161 0.969912 0.199793 0.961156 0.205365 0.967524 0.222877 0.965136 0.247552 0.956380 0.269840 0.946828 0.289740 0.943644 0.297700
0 0.848125 0.034227 0.874393 0.057311 0.919764 0.070843 0.977872 0.066067 1.000000 0.060495 1.000000 0.000000 0.852105 0.000000 0.846533 0.013532
0 0.922152 0.102682 0.937276 0.118602 0.934888 0.149646 0.926928 0.179893 0.953992 0.187853 1.000000 0.202181 1.000000 0.194221 1.000000 0.065271 0.953196 0.076415 0.930112 0.086763
0 0.861657 0.118602 0.853697 0.159994 0.850513 0.191833 0.871209 0.202977 0.899865 0.206957 0.923744 0.197405 0.922948 0.183873 0.928520 0.157606 0.934092 0.125766 0.925336 0.113030 0.918172 0.101886 0.887925 0.097111
0 0.757383 0.163178 0.743055 0.194221 0.750219 0.209345 0.778874 0.216509 0.803550 0.210141 0.793998 0.184669 0.792406 0.163974 0.792406 0.144074 0.781262 0.138502 0.770915 0.148054
0 0.796386 0.104274 0.791610 0.120194 0.791610 0.140094 0.798774 0.159198 0.796386 0.179893 0.802754 0.203773 0.819470 0.206161 0.839370 0.196609 0.848921 0.184669 0.856085 0.146462 0.858473 0.118602 0.857677 0.107458 0.840166 0.090743 0.818674 0.085967 0.794794 0.093131
0 0.535302 0.331131 0.536894 0.354215 0.570326 0.380482 0.579081 0.401974 0.622065 0.390830 0.645148 0.368543 0.654700 0.344663 0.659476 0.332723 0.654700 0.314415 0.651516 0.295312 0.610921 0.273024 0.610921 0.293720 0.591817 0.306455 0.554406 0.322375
0 0.682560 0.310435 0.673008 0.331131 0.658680 0.356603 0.637189 0.382074 0.621269 0.409138 0.626045 0.423466 0.673008 0.441773 0.693704 0.458489 0.749423 0.457693 0.771711 0.484757 0.790018 0.502269 0.805938 0.486349 0.817878 0.472817 0.821858 0.463265 0.810714 0.446549 0.825042 0.430630 0.810714 0.402770 0.836186 0.380482 0.845738 0.343867 0.847329 0.312823 0.832206 0.296904 0.790814 0.331131 0.754199 0.318395 0.753403 0.309639 0.758179 0.296108 0.724747 0.254716 0.716787 0.245960 0.702460 0.251532 0.685744 0.280984
0 0.645944 0.207753 0.658680 0.216509 0.687336 0.226857 0.714399 0.238000 0.720767 0.238796 0.726339 0.227653 0.743055 0.226061 0.752607 0.218101 0.739871 0.201385 0.740667 0.187853 0.747831 0.175913 0.764547 0.151238 0.777282 0.135318 0.786038 0.137706 0.793202 0.113030 0.790018 0.097111 0.791610 0.064475 0.757383 0.047759 0.744647 0.039799 0.720767 0.039799 0.695296 0.026268 0.676988 0.030248 0.664252 0.053331 0.646740 0.076415 0.662660 0.090743 0.676192 0.123378 0.676988 0.158402 0.662660 0.167954 0.647536 0.183077
0 0.547242 0.238796 0.558386 0.257104 0.568734 0.291332 0.561570 0.307251 0.525750 0.316007 0.501871 0.300884 0.492319 0.287352 0.496299 0.265064 0.506647 0.245164 0.520178 0.238000 0.542466 0.236409
0 0.562366 0.227653 0.576693 0.213325 0.605349 0.219693 0.622861 0.233225 0.613309 0.261084 0.607737 0.276208 0.598185 0.288944 0.577489 0.303272 0.570326 0.303272 0.574305 0.284964 0.563958 0.257900 0.553610 0.238000
0 0.626841 0.223673 0.638781 0.212529 0.659476 0.219693 0.672212 0.228449 0.684948 0.232429 0.694500 0.242776 0.694500 0.253920 0.683356 0.273024 0.672212 0.298496 0.657884 0.294516 0.634801 0.280984 0.618085 0.267452 0.621269 0.249144
0 0.810714 0.242776 0.805938 0.261084 0.810714 0.277800 0.820266 0.295312 0.838574 0.297700 0.863249 0.292128 0.887129 0.296904 0.896681 0.287352 0.899865 0.273024 0.879169 0.263472 0.869617 0.246756 0.860065 0.232429 0.839370 0.224469 0.820266 0.226857 0.809122 0.232429
0 0.994587 0.920162 0.974646 0.920162 0.936187 0.920162 0.902001 0.932270 0.882060 0.945802 0.867103 0.970729 0.865679 0.998504 0.873513 1.000000 1.000000 1.000000 1.000000 0.920162
0 0.206894 0.920162 0.184104 0.936543 0.178406 0.954348 0.172708 0.975714 0.181967 0.996368 0.190513 1.000000 0.384232 1.000000 0.382095 0.981412 0.370700 0.962182 0.375685 0.945089 0.367139 0.930845 0.352895 0.916601 0.332241 0.908767 0.273841 0.911616 0.243216 0.909479 0.219002 0.907343
0 0.419842 0.645965 0.415569 0.676590 0.432662 0.709351 0.444769 0.734278 0.467559 0.749947 0.500320 0.747810 0.505306 0.730717 0.513140 0.699380 0.523823 0.653087 0.512428 0.634570 0.468271 0.629585 0.442632 0.643117
0 0.308739 0.641692 0.318709 0.654512 0.317997 0.676590 0.311587 0.700805 0.307314 0.728581 0.310875 0.759205 0.317285 0.777010 0.379247 0.776298 0.397051 0.774161 0.419130 0.761342 0.439783 0.743537 0.439783 0.731429 0.429100 0.710063 0.414856 0.686561 0.412008 0.672317 0.416281 0.653087 0.418417 0.633146 0.402749 0.616765 0.388505 0.617477 0.347910 0.623887 0.331529 0.627448 0.315149 0.635282
0 0.218289 0.655224 0.222563 0.683712 0.231109 0.709351 0.238943 0.734990 0.242504 0.760630 0.258172 0.771313 0.286660 0.775586 0.308026 0.774874 0.310163 0.774874 0.305890 0.745673 0.304465 0.730005 0.310875 0.692258 0.315149 0.675878 0.315861 0.662346 0.317285 0.655936 0.305178 0.643829 0.286660 0.626736 0.261734 0.628160 0.241792 0.633858 0.231821 0.642404
0 0.036678 0.839684 0.031693 0.871733 0.050210 0.897372 0.074425 0.915177 0.121430 0.921587 0.174845 0.928709 0.191938 0.915889 0.199060 0.893811 0.205470 0.855352 0.204045 0.835411 0.189801 0.824015 0.169860 0.819030 0.154191 0.813332 0.137098 0.813332 0.087244 0.814757 0.065879 0.814757 0.040952 0.825440
0 0.020298 0.712200 0.023859 0.739264 0.023146 0.767039 0.055195 0.793391 0.090093 0.806210 0.142084 0.804786 0.171284 0.779859 0.186240 0.732142 0.176982 0.702941 0.157040 0.689410 0.103625 0.677302 0.064454 0.683712 0.023859 0.692258
0 0.020298 0.568336 0.037391 0.551243 0.063030 0.544121 0.095791 0.536999 0.142084 0.544833 0.170572 0.563350 0.194074 0.603946 0.204045 0.653800 0.193362 0.681575 0.186953 0.700805 0.166299 0.687985 0.136386 0.682288 0.106474 0.673029 0.077274 0.677302 0.038815 0.678727 0.014600 0.675878 0.001068 0.665907 0.008190 0.586141
0 0.195499 0.720034 0.189801 0.754220 0.178406 0.777722 0.153479 0.804074 0.158464 0.816893 0.199772 0.829001 0.214728 0.847518 0.238943 0.858913 0.245353 0.820454 0.241792 0.787693 0.241792 0.757069 0.228972 0.734990 0.211880 0.715049
0 0.164162 0.475750 0.154191 0.509223 0.167723 0.537711 0.174133 0.557653 0.222563 0.570472 0.262446 0.551243 0.271704 0.522755 0.243928 0.478598 0.206894 0.475750
0 0.028132 0.130333 0.010327 0.136742 0.007478 0.165230 0.031693 0.188021 0.067303 0.185172 0.102913 0.161669 0.115020 0.126059 0.112172 0.112528 0.078698 0.107542 0.046649 0.103269 0.036678 0.134606
0 0.216865 0.034186 0.206182 0.050566 0.187665 0.089737 0.200484 0.111815 0.229684 0.118937 0.243216 0.121786 0.255324 0.103981 0.278826 0.041308 0.253899 0.030625 0.233958 0.029200
0 0.148494 0.037747 0.154191 0.086888 0.153479 0.109679 0.180543 0.123923 0.194787 0.113240 0.190513 0.096859 0.184104 0.082615 0.206894 0.037034 0.199772 0.029200 0.191938 0.021366 0.172708 0.015668 0.163450 0.021366 0.154191 0.029200
0 0.110747 0.021366 0.092942 0.035610 0.087957 0.044156 0.097215 0.074069 0.114308 0.097571 0.137811 0.108967 0.151342 0.109679 0.148494 0.065522 0.147069 0.037034 0.147069 0.028488 0.132825 0.021366
0 0.111459 0.365359 0.119293 0.398120 0.144220 0.412364 0.158464 0.403817 0.161313 0.381739 0.164874 0.356100 0.158464 0.345417 0.135674 0.345417 0.116445 0.358237
0 0.884908 0.467203 0.924792 0.479311 0.938323 0.469340 0.941884 0.447262 0.977494 0.450110 0.988177 0.430881 0.989602 0.394559 0.983904 0.347554 0.976782 0.329036 0.953280 0.320490 0.902713 0.324763 0.882772 0.326900 0.856420 0.338295 0.847874 0.367495 0.836479 0.383164 0.834342 0.398832 0.833630 0.409515 0.850011 0.421622 0.862118 0.420910 0.872089 0.432305 0.877074 0.445125
0 0.882612 0.664411 0.896820 0.698241 0.898173 0.730717 0.911028 0.755751 0.980717 0.750338 1.000000 0.744249 1.000000 0.632612 0.959743 0.612991 0.932003 0.609608 0.911028 0.621110 0.888024 0.642761
