0 0.082206 0.270636 0.074087 0.303789 0.061908 0.317321 0.051083 0.347091 0.056495 0.378214 0.088295 0.403924 0.118742 0.421516 0.176252 0.399865 0.199932 0.377537 0.199256 0.341001 0.203992 0.327470 0.184371 0.290257 0.171516 0.265223 0.117388 0.261164
0 0.393437 0.975643 0.394790 1.000000 0.540257 0.998647 0.521313 0.964141 0.478687 0.953315 0.443505 0.941813 0.399526 0.949256
0 0.761502 0.236130 0.735792 0.265223 0.738498 0.309202 0.759472 0.323410 0.806834 0.320704 0.819012 0.276049 0.782476 0.236806
0 0.750677 0.516238 0.722936 0.520298 0.695196 0.563599 0.699256 0.613667 0.745940 0.663058 0.768945 0.650203 0.774357 0.624493 0.814953 0.631935 0.843369 0.608254 0.796685 0.542625
0 0.726996 0.510149 0.762855 0.514208 0.802774 0.545332 0.828484 0.575101 0.890731 0.533830 0.913058 0.485792 0.921177 0.446549 0.867050 0.432341 0.815629 0.424899 0.770974 0.436401 0.739851 0.468200 0.721583 0.484438
0 0.838633 0.577131 0.865020 0.612991 0.874493 0.631258 0.895467 0.630582 0.899526 0.614344 0.925913 0.608931 0.939445 0.574425 0.946888 0.543302 0.958390 0.522327 0.934709 0.487145 0.901556 0.514208 0.896820 0.549391 0.858931 0.562923
0 0.982070 0.575778 0.951624 0.595399 0.946888 0.608931 0.955007 0.616373 0.967862 0.623816 0.975304 0.641407 0.982070 0.655616 1.000000 0.645467 1.000000 0.579161
0 0.735792 0.694181 0.720907 0.715832 0.724290 0.743572 0.754736 0.746955 0.766915 0.736130 0.764885 0.709743
0 0.917794 0.650880 0.920501 0.673884 0.908322 0.679973 0.909675 0.700947 0.913735 0.728011 0.916441 0.765900 0.925237 0.793640 0.971245 0.786198 0.995602 0.806495 1.000000 0.803789 1.000000 0.671177 0.975981 0.648850 0.957713 0.667794 0.921177 0.648173
0 0.854871 0.805819 0.843369 0.853180 0.894114 0.862652 0.904262 0.841678 0.885318 0.810555
0 0.910352 0.782815 0.890054 0.809878 0.904939 0.836265 0.901556 0.861299 0.951624 0.861299 0.976658 0.888363 1.000000 0.842355 1.000000 0.810555 0.969892 0.792963 0.928620 0.798376 0.920501 0.783491
0 0.643099 0.098106 0.627537 0.122463 0.618742 0.136671 0.627537 0.169824 0.653248 0.195534 0.668809 0.234100 0.692490 0.244926 0.708728 0.223275 0.731732 0.196211 0.755413 0.193505 0.750677 0.157645 0.720907 0.123816 0.697226 0.119080 0.695873 0.100812 0.672869 0.085927 0.649188 0.085927
0 0.675575 0.073748 0.690460 0.093369 0.701962 0.115020 0.724966 0.121110 0.750000 0.151556 0.760825 0.136671 0.768945 0.126522 0.762179 0.108254 0.775710 0.104195 0.771651 0.062246 0.761502 0.030447 0.734438 0.025034
0 0.971245 0.440460 0.952300 0.466170 0.948241 0.490528 0.964479 0.512855 0.978687 0.550744 1.000000 0.562246 1.000000 0.428958
0 0.213408 0.946098 0.211716 0.979928 0.242163 0.986130 0.272046 0.983311 0.295726 0.972034 0.287833 0.943843 0.266407 0.921290 0.237652 0.919035
0 0.366084 0.381790 0.346269 0.374058 0.342886 0.400638 0.338537 0.432051 0.359318 0.468297 0.377199 0.470230 0.408129 0.456215 0.425527 0.444133 0.425527 0.428668 0.394597 0.436884
0 0.167326 0.441865 0.162642 0.460602 0.168887 0.484022 0.190226 0.493911 0.223014 0.475174 0.216769 0.444988 0.201676 0.435620
0 0.236026 0.526179 0.229260 0.546997 0.232383 0.567815 0.247476 0.576663 0.279744 0.580306 0.295878 0.548558 0.282346 0.515770
0 0.021143 0.001128 0.030165 0.023117 0.043133 0.025936 0.048771 0.048489 0.031292 0.072733 0.001973 0.084574 0.000000 0.084574 0.000000 0.000000
0 0.067377 0.137573 0.060047 0.155052 0.063994 0.173094 0.071888 0.188881 0.088802 0.189445 0.110228 0.169711 0.110792 0.137009 0.081473 0.129680
0 0.125451 0.105999 0.119813 0.126861 0.123760 0.148850 0.129398 0.156743 0.123760 0.166328 0.110228 0.174786 0.116430 0.184935 0.138419 0.197339 0.159844 0.196775 0.201567 0.160126 0.203823 0.136446 0.194802 0.117276 0.140111 0.111074
0 0.323354 0.024808 0.340832 0.034957 0.366204 0.030447 0.379736 0.028191 0.388757 0.011276 0.391013 0.001691 0.386502 0.000000 0.323354 0.000000
0 0.238216 0.008457 0.244418 0.032138 0.251748 0.037776 0.254567 0.046797 0.272046 0.055255 0.280503 0.046234 0.287269 0.051872 0.292343 0.039468 0.316024 0.031010 0.321662 0.024808 0.320535 0.000000 0.238216 0.000000
0 0.072452 0.054127 0.056664 0.070478 0.063994 0.093595 0.079217 0.100361 0.098951 0.094159 0.119813 0.092467 0.120940 0.064276 0.116994 0.046234 0.104026 0.041159
0 0.116994 0.007330 0.115866 0.031574 0.124323 0.055255 0.136164 0.065968 0.164355 0.077244 0.199876 0.091340 0.219046 0.092467 0.232578 0.086829 0.246110 0.076116 0.260769 0.065968 0.245546 0.036649 0.233705 0.005638 0.229759 0.000000 0.118121 0.000000
0 0.031856 0.003383 0.042005 0.021989 0.055537 0.038904 0.053281 0.051872 0.070196 0.054127 0.102898 0.034957 0.104590 0.011840 0.081473 0.000000 0.029601 0.000000
