0 0.042569 0.041723 0.067941 0.051872 0.105153 0.056946 0.114175 0.047361 0.137291 0.060329 0.176195 0.062021 0.204950 0.066531 0.225248 0.040595 0.240471 0.020862 0.251748 0.000000 0.005920 0.000000 0.004793 0.016351 0.027909 0.029883
0 0.216227 0.073861 0.222993 0.091903 0.222429 0.109382 0.241035 0.122914 0.251184 0.125733 0.290088 0.116712 0.316024 0.112201 0.341396 0.109946 0.367332 0.091903 0.384811 0.068223 0.393832 0.057510 0.400034 0.032138 0.400034 0.009021 0.389885 0.000000 0.254003 0.000000 0.236525 0.027627 0.215099 0.062585 0.215099 0.070478
0 0.108536 0.129680 0.093877 0.141520 0.086547 0.164637 0.097260 0.190573 0.108536 0.204105 0.109664 0.221019 0.087111 0.230604 0.057792 0.223275 0.049335 0.246955 0.058920 0.258232 0.067377 0.282476 0.071324 0.303902 0.088239 0.307285 0.118121 0.297700 0.149132 0.287551 0.178451 0.280221 0.211716 0.275710 0.233142 0.268945 0.238216 0.241317 0.245546 0.220456 0.235961 0.205796 0.238780 0.182115 0.249493 0.160126 0.256822 0.146031 0.237652 0.136446 0.225812 0.117276 0.206078 0.103180 0.175068 0.102616 0.136728 0.110510
0 0.229702 0.690798 0.256766 0.693505 0.303451 0.671854 0.350812 0.640054 0.359608 0.621110 0.390054 0.581191 0.398173 0.547361 0.394790 0.527064 0.378552 0.508796 0.344723 0.479702 0.342016 0.462111 0.345399 0.428958 0.336604 0.407984 0.314953 0.385656 0.299391 0.388363 0.267591 0.390392 0.210758 0.408660 0.187077 0.422869 0.166779 0.479702 0.157984 0.529770 0.170162 0.583221 0.193166 0.631258 0.222260 0.648173 0.236468 0.667118
0 0.291272 0.698241 0.293302 0.729364 0.316982 0.766576 0.343369 0.786198 0.386671 0.817321 0.408322 0.799053 0.442152 0.785521 0.481394 0.803789 0.494249 0.792287 0.505074 0.736807 0.498309 0.672530 0.490866 0.627876 0.480041 0.600135 0.444858 0.603518 0.392760 0.614344 0.343369 0.652233 0.303451 0.679296
0 0.445535 0.799729 0.421854 0.809878 0.406292 0.824763 0.397497 0.849797 0.388024 0.870095 0.381258 0.898511 0.356225 0.924222 0.339986 0.937077 0.310893 0.958728 0.302774 0.982409 0.306157 0.999323 0.504398 1.000000 0.508457 0.966847 0.528755 0.936401 0.535521 0.914073 0.526725 0.880244 0.501015 0.861299 0.495602 0.816644 0.492219 0.803112 0.467185 0.803789
0 0.210758 0.720568 0.201286 0.756428 0.199932 0.794993 0.193843 0.823410 0.180988 0.847091 0.175575 0.897158 0.197903 0.919486 0.235115 0.939784 0.259472 0.949932 0.288566 0.956022 0.308187 0.957375 0.356225 0.920839 0.376522 0.892422 0.381935 0.862652 0.383965 0.826116 0.348106 0.799053 0.314953 0.772666 0.289919 0.734777 0.283153 0.702977 0.265562 0.694181 0.244587 0.704330
0 0.505074 0.328146 0.440798 0.343708 0.412382 0.351827 0.366373 0.366712 0.321719 0.389039 0.348106 0.423545 0.346076 0.463464 0.352842 0.481732 0.370433 0.497294 0.399526 0.529770 0.403586 0.558863 0.434032 0.576455 0.465832 0.592693 0.492219 0.596752 0.521313 0.570365 0.527402 0.546685 0.517930 0.523004 0.514547 0.466847 0.509811 0.416103 0.528078 0.412043 0.536874 0.388363 0.534844 0.346414
0 0.281800 0.179973 0.268945 0.207037 0.247294 0.209743 0.245940 0.233424 0.258796 0.246279 0.258796 0.261164 0.256766 0.294993 0.260825 0.334912 0.297361 0.359269 0.321042 0.385656 0.421177 0.341678 0.479364 0.329499 0.499662 0.324763 0.488836 0.304465 0.490866 0.287551 0.480041 0.265900 0.500338 0.242219 0.483424 0.213802 0.468539 0.179296 0.469892 0.163058 0.457037 0.148850 0.457037 0.126522 0.407645 0.107578 0.390054 0.109608 0.367727 0.139378 0.331867 0.167794 0.295332 0.172530 0.281800 0.176590
0 0.735662 0.461643 0.754398 0.473093 0.803320 0.475174 0.814771 0.473613 0.815291 0.448631 0.828302 0.428854 0.834548 0.410638 0.836109 0.377849 0.823098 0.351827 0.789268 0.344020 0.758561 0.355470 0.716405 0.377329 0.705475 0.429895 0.720568 0.454877
0 0.752316 0.346102 0.788227 0.340897 0.793432 0.310711 0.792391 0.280525 0.776777 0.248256 0.743468 0.249818 0.740346 0.301343 0.741907 0.343500
0 0.725773 0.639638 0.801239 0.633913 0.830384 0.616217 0.835068 0.583949 0.823618 0.548558 0.814771 0.510565 0.791870 0.491308 0.753357 0.478818 0.732539 0.482981 0.708077 0.498074 0.686218 0.553763 0.684137 0.602686 0.699230 0.631310
0 0.845477 0.583949 0.876184 0.584990 0.903248 0.571979 0.912616 0.548038 0.906891 0.512647 0.884511 0.491308 0.859009 0.488186 0.826220 0.505361 0.823098 0.526179 0.834027 0.563131
0 0.744509 0.649526 0.736182 0.669824 0.737223 0.692724 0.753877 0.714583 0.781461 0.732799 0.806443 0.747892 0.821016 0.747372 0.834027 0.728635 0.844957 0.693245 0.854325 0.674508 0.854325 0.650567 0.851723 0.632351 0.838191 0.618299 0.828823 0.621422 0.809045 0.638076 0.787707 0.641720 0.763766 0.642240
0 0.615957 0.568856 0.610232 0.585511 0.627407 0.604247 0.645623 0.601124 0.654471 0.590715 0.652909 0.573020 0.650307 0.561049 0.635214 0.554804 0.625325 0.555845
0 0.741907 0.907672 0.748152 0.930051 0.760123 0.945144 0.787186 0.946185 0.799157 0.940981 0.800718 0.921724 0.798636 0.875403 0.795514 0.855626 0.777818 0.866035 0.764286 0.882169 0.752836 0.898303
0 0.644062 0.610492 0.623764 0.626106 0.624284 0.658374 0.619600 0.694806 0.608671 0.731238 0.595139 0.756740 0.588893 0.769751 0.593057 0.800458 0.627407 0.823358 0.641459 0.843135 0.665921 0.829083 0.688300 0.812949 0.701832 0.802540 0.722650 0.824919 0.745550 0.845738 0.762725 0.853544 0.764807 0.846258 0.768971 0.814510 0.770532 0.796815 0.787186 0.813469 0.803841 0.827522 0.824139 0.804101 0.828823 0.774956 0.808525 0.752056 0.773655 0.732799 0.739305 0.704695 0.731498 0.688040 0.732018 0.672426 0.723691 0.655251 0.698709 0.636515 0.671125 0.623504 0.649266 0.610492
