0 0.537466 0.356901 0.536620 0.405954 0.563684 0.443166 0.591593 0.446549 0.637263 0.455007 0.644875 0.473613 0.707459 0.488836 0.717608 0.504060 0.739597 0.524357 0.753129 0.514208 0.761587 0.476996 0.762432 0.435555 0.753129 0.407645 0.753129 0.380582 0.753129 0.337449 0.741289 0.279093 0.698156 0.289242 0.676167 0.281631 0.642338 0.267253 0.582290 0.304465 0.542541 0.356055
0 0.669401 0.849966 0.669401 0.875338 0.693928 0.893099 0.700693 0.926082 0.726066 0.942997 0.760741 0.964141 0.808102 0.926928 0.848698 0.947226 0.875761 0.912551 0.888447 0.889716 0.879144 0.860115 0.862229 0.817828 0.885064 0.797530 0.841086 0.775541 0.789496 0.798376 0.769198 0.825440 0.738752 0.836434 0.715917 0.822057 0.678704 0.829668 0.653332 0.833897
0 0.502791 0.892253 0.490951 0.921008 0.489259 0.956529 0.496025 0.982747 0.513786 1.000000 0.540003 0.990359 0.559455 0.995433 0.612737 0.996279 0.640646 0.993742 0.682087 0.996279 0.688007 0.978518 0.709997 0.953992 0.700693 0.935386 0.687162 0.920162 0.688007 0.902402 0.660098 0.874493 0.643183 0.861807 0.611045 0.856732 0.564530 0.856732 0.530700 0.878721
0 0.713380 0.570027 0.682933 0.593708 0.644875 0.614005 0.627114 0.640223 0.614428 0.707037 0.613582 0.765392 0.633034 0.786536 0.704922 0.794148 0.764124 0.800068 0.790342 0.773850 0.791187 0.742557 0.800491 0.711265 0.801336 0.668133 0.805565 0.646989 0.789496 0.620771 0.753129 0.599628
0 0.488413 0.448241 0.452892 0.460081 0.425829 0.487145 0.406377 0.518437 0.391999 0.548884 0.377622 0.604702 0.373393 0.643606 0.376776 0.714648 0.381850 0.762009 0.411451 0.788227 0.457121 0.820365 0.494334 0.832206 0.551844 0.830514 0.611045 0.814445 0.631343 0.800068 0.622040 0.782307 0.608508 0.762855 0.610200 0.734946 0.616120 0.688430 0.619503 0.658830 0.633880 0.612314 0.655869 0.598782 0.684624 0.581867 0.708305 0.564107 0.715917 0.529432 0.696465 0.493911 0.640646 0.478687 0.627960 0.466001 0.556918 0.454161 0.546769 0.435555 0.513786 0.426252
0 0.365757 0.387646 0.359389 0.403566 0.354613 0.429834 0.342673 0.483165 0.345061 0.522964 0.378492 0.526944 0.397596 0.523760 0.416700 0.479981 0.459683 0.445753 0.496299 0.433018 0.525750 0.421078 0.525750 0.394810 0.524954 0.359787 0.526546 0.324763 0.483563 0.310435 0.454111 0.316007 0.416700 0.347051 0.386452 0.363767
0 0.879144 0.553958 0.866458 0.577639 0.863921 0.632612 0.879990 0.657138 0.910436 0.679127 0.931580 0.704499 0.958643 0.699425 1.000000 0.680819 1.000000 0.669824 1.000000 0.455007 0.955261 0.471076 0.939191 0.498985 0.939191 0.521820 0.911282 0.526049
0 0.779347 0.284168 0.764124 0.311231 0.758204 0.349290 0.775964 0.405108 0.792879 0.423714 0.808102 0.423714 0.831783 0.409337 0.836857 0.417794 0.832629 0.440629 0.836857 0.476150 0.874070 0.488836 0.901979 0.480379 0.956952 0.463464 0.998393 0.443166 1.000000 0.428789 1.000000 0.169993 0.932426 0.158999 0.880836 0.175913 0.843623 0.207206 0.842777 0.257104 0.827554 0.278248 0.789496 0.274865
0 0.329141 0.865239 0.311629 0.894691 0.321977 0.922550 0.306853 0.932102 0.290138 0.932898 0.282178 0.958370 0.290934 0.998965 0.381676 1.000000 0.403168 0.988617 0.385656 0.956778 0.399984 0.929714 0.423068 0.915386 0.423864 0.891507 0.403964 0.850115 0.377696 0.823052 0.349837 0.834196
0 0.015522 0.727533 0.025870 0.755393 0.054525 0.777680 0.073629 0.802356 0.087161 0.827828 0.138900 0.823848 0.171535 0.810316 0.183475 0.789620 0.200191 0.780068 0.214519 0.763353 0.209743 0.710021 0.220887 0.695694 0.199395 0.673406 0.161188 0.660670 0.111040 0.659078 0.060097 0.686142 0.033829 0.698082
0 0.005970 0.608931 0.000398 0.637587 0.008358 0.674202 0.026666 0.694102 0.056117 0.685346 0.096713 0.659874 0.114224 0.652710 0.174719 0.657486 0.176311 0.630423 0.159596 0.593807 0.129348 0.573112 0.114224 0.564356 0.087161 0.552416 0.051341 0.550824 0.018706 0.573908 0.004378 0.597787
