0 0.921516 0.052323 0.943166 0.069463 0.974741 0.081191 1.000000 0.064953 1.000000 0.000000 0.912494 0.000000 0.902571 0.020749 0.910690 0.045106
0 0.929696 0.403494 0.934617 0.432402 0.967216 0.434248 0.988744 0.412720 0.989359 0.391807 0.972137 0.373970 0.948764 0.378275 0.931541 0.386886
0 0.965986 0.687046 0.948149 0.698733 0.953069 0.742404 0.967831 0.752245 0.980748 0.779924 0.994895 0.782384 1.000000 0.776848 1.000000 0.596629 0.986899 0.585558 0.947533 0.579407 0.927236 0.599705 0.926006 0.638455 0.931541 0.655062 0.945688 0.675360
0 0.745787 0.924468 0.719338 0.931234 0.691660 0.944151 0.681818 0.963833 0.692890 0.990282 0.703961 1.000000 0.896482 1.000000 0.887871 0.975520 0.869418 0.962603 0.844200 0.966294 0.830053 0.962603 0.828823 0.934924 0.782077 0.915857 0.758703 0.921393
0 0.915549 0.904785 0.894636 0.922623 0.890946 0.938000 0.884795 0.958913 0.900787 0.998278 0.964141 1.000000 0.969676 0.985976 0.976442 0.979210 0.988744 0.998278 1.000000 1.000000 1.000000 0.860499 0.961680 0.846353 0.938307 0.858039 0.919240 0.878952
0 0.037635 0.844892 0.057087 0.814445 0.079922 0.814445 0.100220 0.814445 0.135741 0.827977 0.159422 0.859269 0.173799 0.882950 0.185639 0.920162 0.188177 0.951455 0.160267 0.986976 0.123055 1.000000 0.000000 1.000000 0.000000 0.865189
0 0.275992 0.791610 0.270918 0.809089 0.254567 0.823748 0.245546 0.850812 0.229759 0.863216 0.230886 0.906067 0.254567 0.933694 0.304747 0.973162 0.345343 0.988949 0.383683 0.970343 0.411310 0.956811 0.433300 0.945534 0.434427 0.922418 0.432172 0.891971 0.451342 0.866035 0.466001 0.838408 0.456416 0.815291 0.441193 0.793302 0.410746 0.770749 0.384247 0.764547 0.350981 0.792174 0.318279 0.811344 0.289524 0.793866 0.283886 0.783717
0 0.299673 0.730717 0.315460 0.766238 0.349853 0.781461 0.362258 0.778642 0.386502 0.757781 0.408491 0.767930 0.453033 0.798376 0.475023 0.805706 0.480097 0.783717 0.476714 0.765674 0.475023 0.740866 0.478406 0.712111 0.477842 0.700834 0.444576 0.691249 0.421459 0.671516 0.383683 0.661931 0.339141 0.652346 0.312077 0.658548 0.306439 0.676590 0.292907 0.694069 0.293471 0.720004 0.300237 0.727334 0.302492 0.730153
0 0.339705 0.620771 0.358875 0.632612 0.374098 0.652346 0.393268 0.661931 0.428789 0.671516 0.449087 0.687303 0.482352 0.701962 0.506597 0.701962 0.538735 0.683920 0.543245 0.658548 0.519565 0.628101 0.514490 0.610622 0.521820 0.602165 0.520692 0.586942 0.516182 0.569463 0.513926 0.551421 0.513926 0.533942 0.484608 0.521538 0.445140 0.515336 0.429353 0.508006 0.400034 0.513645 0.392140 0.536198 0.392704 0.553112 0.383119 0.585250 0.351545 0.598782 0.341396 0.616261
0 0.513901 0.144544 0.520667 0.174683 0.556957 0.181449 0.580330 0.182679 0.602473 0.180834 0.600012 0.155616 0.592016 0.128552 0.579715 0.103334 0.565568 0.097798 0.529278 0.103334 0.519437 0.111330 0.526818 0.126092
0 0.374277 0.467462 0.410567 0.484069 0.427789 0.496371 0.464341 0.514710 0.493911 0.519220 0.522478 0.533253 0.562572 0.541272 0.576639 0.498216 0.593862 0.490835 0.589556 0.477919 0.585250 0.459466 0.584635 0.434248 0.595092 0.413335 0.594477 0.399188 0.565568 0.360438 0.557764 0.334066 0.534929 0.323072 0.502214 0.336450 0.493603 0.321073 0.461004 0.321688 0.409337 0.342601 0.396420 0.351827 0.381043 0.361668 0.367511 0.389962 0.372432 0.441014
0 0.673489 0.132499 0.668978 0.159562 0.688712 0.167456 0.706755 0.136446 0.718031 0.123478 0.714084 0.095286 0.696606 0.095850 0.681946 0.110510
0 0.944689 0.148286 0.930029 0.161818 0.942997 0.171967 0.966114 0.180424 0.993742 0.181552 1.000000 0.179296 1.000000 0.127988 0.979646 0.145467
