0 0.385233 0.448241 0.362399 0.466001 0.345484 0.515900 0.363244 0.544655 0.386925 0.592862 0.410606 0.597091 0.421600 0.614851 0.485876 0.617388 0.492642 0.586942 0.501099 0.559878 0.509557 0.541272 0.475727 0.492219 0.463887 0.457544 0.422446 0.437246
0 0.007668 0.635995 0.046459 0.660352 0.060893 0.700947 0.059991 0.758683 0.033829 0.788453 0.000000 0.808299 0.000000 0.792061 0.000000 0.633288
0 0.129454 0.731619 0.119531 0.766802 0.128552 0.806495 0.161028 0.819125 0.214254 0.815516 0.244023 0.792061 0.234100 0.755977 0.204330 0.727109 0.163735 0.719892
0 0.179973 0.709968 0.184484 0.683807 0.235904 0.671177 0.262066 0.692828 0.270185 0.718088 0.255751 0.755074 0.233198 0.749662 0.196211 0.721696
0 0.016689 0.439332 0.003157 0.466396 0.018493 0.486243 0.019396 0.507894 0.043753 0.518719 0.068110 0.514208 0.090663 0.519621 0.108705 0.483536 0.115922 0.453766 0.081642 0.444745 0.041046 0.435724
0 0.001353 0.347316 0.023004 0.348218 0.048263 0.386107 0.069012 0.425801 0.069012 0.435724 0.019396 0.437528 0.000000 0.404150
0 0.031123 0.165088 0.000000 0.194858 0.000000 0.309427 0.000000 0.341001 0.034732 0.347316 0.071719 0.427605 0.109608 0.439332 0.134867 0.455571 0.168245 0.454668 0.206134 0.436626 0.213351 0.415877 0.241317 0.407758 0.258457 0.390618 0.264772 0.320253 0.266576 0.291385 0.215156 0.169599 0.193505 0.125395 0.112314 0.142535 0.103293 0.174109 0.071719 0.152458
0 0.053676 0.003608 0.088859 0.037889 0.127650 0.027064 0.146594 0.028868 0.147497 0.000902 0.119531 0.000000
0 0.085250 0.051421 0.081642 0.082995 0.087055 0.109157 0.113216 0.123590 0.152909 0.113667 0.173658 0.084799 0.148399 0.039693 0.117727 0.032476
0 0.562472 0.131710 0.577808 0.166892 0.578710 0.201173 0.594046 0.207488 0.615697 0.218313 0.631033 0.238160 0.658999 0.239062 0.694181 0.264321 0.733875 0.237258 0.766351 0.209292 0.755526 0.165088 0.707713 0.124493 0.644565 0.091114 0.592242 0.109157
0 0.644565 0.027966 0.649977 0.050519 0.667118 0.082093 0.669824 0.099233 0.762742 0.161479 0.778078 0.161479 0.803338 0.150654 0.844835 0.135318 0.852954 0.097429 0.843031 0.046008 0.795219 0.000000 0.663509 0.000000
0 0.794317 0.577357 0.770862 0.595399 0.762742 0.612539 0.774470 0.663058 0.788904 0.704556 0.824087 0.718088 0.865584 0.706360 0.877312 0.651331 0.879116 0.605322 0.861074 0.571944 0.788904 0.574650
0 0.875507 0.569238 0.892648 0.604420 0.908886 0.621561 0.920613 0.638701 0.959405 0.630582 0.997294 0.608931 1.000000 0.589084 1.000000 0.488949 0.983762 0.449256 0.935949 0.436626 0.885431 0.460081 0.866486 0.488047 0.874605 0.529544 0.894452 0.546685 0.881822 0.564727
0 0.877312 0.783040 0.860171 0.812810 0.872801 0.853406 0.911592 0.862427 0.938656 0.847091 0.949481 0.800180 0.900767 0.774921
0 0.916103 0.734326 0.913396 0.777627 0.963013 0.802887 1.000000 0.806495 1.000000 0.692828
0 0.881822 0.867839 0.873703 0.902120 0.898060 0.928281 0.918809 0.964366 0.968426 0.957149 0.990979 0.955345 1.000000 0.922869 1.000000 0.878665 0.948579 0.847091 0.896256 0.871448
0 0.958503 0.812810 0.949481 0.832657 0.959405 0.844384 1.000000 0.875959 1.000000 0.881371 1.000000 0.818223
0 0.212374 0.562321 0.206360 0.587882 0.222147 0.626973 0.246955 0.642761 0.282288 0.626222 0.298075 0.587882 0.281537 0.560818 0.255225 0.547286
0 0.162757 0.493911 0.180800 0.536010 0.197339 0.557811 0.228913 0.539768 0.240941 0.508946 0.226658 0.481131 0.177793 0.480379
