0 0.206783 0.512517 0.230463 0.556495 0.276979 0.581867 0.304043 0.567490 0.349712 0.585250 0.382696 0.585250 0.391154 0.520974 0.385233 0.473613 0.383542 0.453315 0.338718 0.402571 0.278670 0.405954 0.238921 0.420332 0.218623 0.473613 0.205937 0.518437
0 0.499408 0.208897 0.524780 0.230886 0.547615 0.224966 0.569604 0.216509 0.593285 0.194520 0.601742 0.167456 0.604279 0.149696 0.578062 0.121786 0.549307 0.091340 0.532392 0.083728 0.514631 0.098951 0.498562 0.125169 0.474036 0.154770 0.488413 0.185217
0 0.660944 0.150541 0.676167 0.182679 0.713380 0.182679 0.738752 0.198748 0.761587 0.191137 0.781884 0.184371 0.808102 0.156461 0.814868 0.135318 0.812331 0.109946 0.799645 0.074425 0.778501 0.049053 0.757358 0.037212 0.720991 0.034675 0.695619 0.034675 0.679550 0.058356 0.669401 0.098951
0 0.426252 0.658282 0.483563 0.682958 0.507443 0.682958 0.562366 0.662262 0.604553 0.625647 0.642761 0.602563 0.670620 0.588235 0.678580 0.568336 0.676192 0.514208 0.668232 0.483961 0.612513 0.462469 0.552814 0.497493 0.502667 0.491921 0.462867 0.504657 0.446151 0.517392 0.420680 0.556396 0.399188 0.599379 0.410332 0.614503 0.432620 0.639179
0 0.460479 0.495901 0.459683 0.463265 0.477991 0.442569 0.497891 0.433018 0.535302 0.427446 0.571918 0.433814 0.584653 0.452917 0.580673 0.479185 0.542466 0.488737 0.497095 0.483961
0 0.595001 0.703654 0.624453 0.723553 0.631617 0.733901 0.652312 0.745045 0.672212 0.756985 0.712807 0.749821 0.715991 0.733901 0.746239 0.698082 0.755791 0.663854 0.751811 0.649526 0.733503 0.621667 0.708031 0.584255 0.687336 0.584255 0.666640 0.596195 0.637985 0.611319 0.606145 0.626443 0.593409 0.639975 0.592613 0.669426
0 0.939664 0.874791 0.934888 0.899467 0.953196 0.936082 0.968320 0.958370 0.989015 0.961554 1.000000 0.951206 1.000000 0.811908 0.959564 0.825440 0.946032 0.850911
0 0.840166 0.483961 0.850513 0.513412 0.875985 0.523760 0.901457 0.503861 0.912600 0.480777 0.907029 0.455305 0.898273 0.425058 0.875985 0.430630 0.849717 0.457693 0.833798 0.468041
0 0.777282 0.487941 0.809918 0.451325 0.817878 0.429834 0.811510 0.415506 0.779670 0.399586 0.770915 0.377298 0.751015 0.334315 0.720767 0.339887 0.680968 0.347847 0.666640 0.366155 0.665844 0.397198 0.678580 0.421078 0.681764 0.455305 0.690520 0.482369 0.715195 0.501473 0.737483 0.500677
0 0.823450 0.125766 0.846533 0.140890 0.864841 0.140890 0.872005 0.114622 0.863249 0.089151 0.852105 0.070843 0.825838 0.074027 0.814694 0.078803 0.813898 0.097907 0.816286 0.117806
0 0.548834 0.698082 0.556794 0.740269 0.575897 0.759373 0.598981 0.768925 0.617289 0.781660 0.622861 0.803152 0.622861 0.830216 0.641964 0.854095 0.676988 0.854891 0.676192 0.824644 0.666640 0.788824 0.652312 0.763353 0.635597 0.748229 0.620473 0.729125 0.595797 0.711613 0.572713 0.698082
0 0.512218 0.788824 0.518586 0.819072 0.540874 0.835788 0.581469 0.844544 0.608533 0.832604 0.613309 0.823052 0.612513 0.799968 0.612513 0.790416 0.584653 0.775293 0.554406 0.763353 0.533710 0.760965 0.524954 0.772905
0 0.676192 0.959166 0.660272 0.978270 0.645944 1.000000 0.807530 1.000000 0.790814 0.975882 0.742259 0.948818 0.706440 0.954390 0.679376 0.954390
0 0.806734 0.958370 0.846533 0.944838 0.867229 0.931306 0.899865 0.946430 0.914192 0.966330 0.917376 0.988617 0.913396 1.000000 0.818674 1.000000 0.807530 0.983841 0.801162 0.972698
0 0.786834 0.957574 0.807530 0.948022 0.831410 0.935286 0.856881 0.922550 0.863249 0.918570 0.861657 0.893895 0.857677 0.862851 0.837778 0.848523 0.815490 0.838176 0.793202 0.846931 0.752607 0.858871 0.746239 0.904243 0.751015 0.942450
0 0.710419 0.766537 0.712011 0.808724 0.734299 0.838972 0.773303 0.847727 0.788426 0.809520 0.803550 0.792804 0.815490 0.769721 0.816286 0.736289 0.784446 0.702858 0.766935 0.708430 0.745443 0.734697 0.723155 0.760965
0 0.627637 0.884343 0.626045 0.901855 0.646740 0.924142 0.660272 0.943246 0.689724 0.948022 0.743055 0.940062 0.742259 0.927326 0.739075 0.904243 0.743055 0.872403 0.747831 0.854095 0.716787 0.829420 0.709623 0.806336 0.699276 0.768129 0.676988 0.773701 0.675396 0.807928 0.685744 0.852503 0.674600 0.866831 0.646740 0.867627
0 0.793998 0.822256 0.811510 0.833400 0.835390 0.834992 0.850513 0.849319 0.866433 0.866831 0.880761 0.868423 0.890313 0.868423 0.902253 0.851707 0.896681 0.831808 0.891905 0.821460 0.896681 0.780864 0.886333 0.756985 0.855289 0.745045 0.820266 0.765741 0.816286 0.786436 0.802754 0.803948
0 0.914192 0.778476 0.945236 0.794396 0.960360 0.792008 0.983443 0.776088 0.986627 0.747433 0.969116 0.731513 0.944440 0.719573 0.940460 0.708430 0.923744 0.703654 0.905437 0.728329 0.891905 0.747433 0.892701 0.763353
0 0.846382 0.385978 0.880534 0.411109 0.901153 0.410465 0.921129 0.390489 0.932083 0.375024 0.928861 0.355693 0.915974 0.328629 0.899220 0.322186 0.886333 0.326052 0.872801 0.350538 0.865713 0.351182 0.850892 0.359559
