0 0.944440 0.670222 0.969116 0.706838 0.976280 0.733901 0.998567 0.749025 1.000000 0.746637 1.000000 0.606543 0.967524 0.625647 0.959564 0.649526
0 0.646740 0.973494 0.660272 0.996577 0.678580 0.997373 0.694500 1.000000 0.724747 0.975086 0.712807 0.944042 0.695296 0.931306 0.669028 0.936878 0.653904 0.955186
0 0.177384 0.681885 0.172089 0.699535 0.189739 0.724245 0.216803 0.737189 0.249162 0.735424 0.282109 0.747779 0.309172 0.746014 0.309172 0.721304 0.308584 0.699535 0.305054 0.678943 0.290934 0.661293 0.259163 0.656586 0.242102 0.643055 0.217391 0.647761 0.196799 0.662470
0 0.265635 0.515973 0.285639 0.553627 0.294464 0.565394 0.313291 0.572454 0.341531 0.581279 0.346826 0.574219 0.371536 0.574807 0.390363 0.558334 0.395658 0.536565 0.384480 0.495382 0.366829 0.474201 0.314467 0.468318 0.298582 0.464200 0.283874 0.481850 0.265635 0.504207
0 0.393305 0.497735 0.406836 0.521857 0.419192 0.527152 0.442725 0.521857 0.462729 0.509502 0.470965 0.491852 0.466847 0.473613 0.445079 0.468318 0.410955 0.470671 0.397423 0.483615
0 0.023828 0.561864 0.056186 0.548920 0.070895 0.531270 0.072072 0.507148 0.085603 0.500677 0.099723 0.493617 0.099135 0.479496 0.106784 0.469495 0.100312 0.452433 0.087957 0.430076 0.062070 0.415367 0.039125 0.398306 0.032653 0.385950 0.001471 0.381244 0.000000 0.384774 0.000000 0.575396
0 0.116785 0.563629 0.139731 0.601283 0.162087 0.603636 0.182679 0.617756 0.197388 0.588927 0.197976 0.570689 0.196799 0.553627 0.190328 0.531270 0.186209 0.521268 0.173266 0.523622 0.150321 0.530094 0.132670 0.540684 0.123845 0.560099
0 0.104430 0.663058 0.129140 0.663058 0.154439 0.655998 0.174443 0.630111 0.173854 0.613049 0.159734 0.605989 0.132082 0.602459 0.119727 0.577161 0.115020 0.567747 0.110314 0.560099 0.092663 0.565394 0.089133 0.584809 0.079720 0.598929 0.070895 0.625404 0.076778 0.641290 0.087957 0.654821
0 0.394481 0.386539 0.413308 0.396541 0.413308 0.405366 0.413308 0.418897 0.405071 0.432429 0.385656 0.429488 0.368594 0.418309 0.361534 0.405954 0.365064 0.381244 0.370359 0.380067
0 0.418603 0.419486 0.431547 0.419486 0.459199 0.405366 0.460964 0.392422 0.440372 0.366535 0.408013 0.353003 0.388010 0.361829 0.385656 0.375360 0.406836 0.386539 0.419192 0.394187 0.422722 0.406542
0 0.590987 0.140025 0.613932 0.173560 0.621580 0.197094 0.642761 0.211802 0.680414 0.225334 0.686298 0.220627 0.694534 0.204154 0.703948 0.197094 0.730423 0.178267 0.749838 0.157675 0.758663 0.151791 0.774548 0.138848 0.785139 0.114138 0.786904 0.091193 0.767488 0.063541 0.764547 0.052951 0.748073 0.046479 0.745720 0.034124 0.728658 0.021180 0.720421 0.003530 0.642172 0.000000 0.638054 0.021180 0.637465 0.032359 0.626875 0.034712 0.609813 0.041772 0.593340 0.054127 0.582162 0.083544 0.581573 0.094134 0.590987 0.106489 0.591575 0.128258
0 0.450374 0.250044 0.460375 0.253574 0.469200 0.264164 0.478026 0.283579 0.523916 0.294170 0.562746 0.296523 0.589222 0.304760 0.614520 0.290640 0.620404 0.268283 0.653351 0.264164 0.695711 0.251809 0.701006 0.228276 0.678061 0.227687 0.635700 0.218862 0.615697 0.201800 0.607460 0.181208 0.600988 0.164735 0.583927 0.140025 0.544508 0.155910 0.526269 0.161793 0.483909 0.145320 0.459199 0.144143 0.442137 0.174148 0.426840 0.197094 0.429782 0.224746 0.445667 0.238866
0 0.500382 0.427723 0.521563 0.443019 0.546861 0.451256 0.573336 0.459493 0.596870 0.448314 0.613932 0.433606 0.611578 0.414191 0.629229 0.393011 0.633935 0.372419 0.629817 0.347120 0.620992 0.339472 0.595693 0.318291 0.589810 0.312408 0.560393 0.303583 0.522151 0.297111 0.499206 0.293581 0.480967 0.288286 0.451550 0.285933 0.425075 0.287109 0.415662 0.297700 0.422133 0.324763 0.439195 0.354768 0.467435 0.393011 0.475672 0.405954 0.494499 0.410661
0 0.760986 0.041308 0.782352 0.036322 0.801581 0.037034 0.817962 0.032761 0.833630 0.027776 0.854284 0.000000 0.735346 0.000000
0 0.815825 0.042732 0.835767 0.080479 0.869240 0.072644 0.892743 0.079054 0.925504 0.087601 0.943309 0.081903 0.956128 0.055552 0.951855 0.024927 0.923367 0.014244 0.899152 0.005698 0.877074 0.003561 0.863542 0.005698
