0 0.030447 0.792225 0.026756 0.814368 0.040903 0.828515 0.069197 0.822979 0.079038 0.819289 0.073502 0.794071 0.064891 0.791610 0.052589 0.790995
0 0.009534 0.963218 0.027986 0.948456 0.062431 0.960143 0.079038 0.966294 0.092570 0.960758 0.126399 0.961373 0.149772 0.971214 0.179296 1.000000 0.053205 1.000000 0.000000 1.000000 0.000000 0.962603
0 0.177451 0.977980 0.200209 0.977980 0.234654 0.973059 0.243880 0.971214 0.278325 0.979210 0.302928 0.992742 0.304773 1.000000 0.184217 1.000000 0.173761 0.989052 0.173146 0.981671
0 0.325071 0.738713 0.317075 0.753475 0.315229 0.766392 0.326301 0.781769 0.359515 0.786075 0.374277 0.770082 0.373662 0.741174 0.349059 0.729487
0 0.120248 0.586173 0.111637 0.605856 0.142391 0.623693 0.161459 0.610776 0.168225 0.588018 0.168225 0.576947 0.154078 0.576947
0 0.487957 0.756698 0.471177 0.771313 0.485792 0.787551 0.500947 0.794046 0.515562 0.796211 0.528552 0.780514 0.527470 0.764276 0.517185 0.764276 0.499323 0.756698
0 0.479296 0.922869 0.459811 0.914208 0.447903 0.926116 0.440866 0.940731 0.431123 0.959134 0.447361 0.986739 0.456563 1.000000 0.525846 1.000000 0.517185 0.982409 0.520433 0.966170 0.518268 0.947767 0.507984 0.928281 0.485250 0.923951
0 0.387821 0.841678 0.381867 0.841678 0.373748 0.850880 0.379161 0.873072 0.400812 0.880650 0.417591 0.873613 0.417591 0.857375 0.402977 0.843843 0.393775 0.841137
0 0.732070 0.851421 0.713126 0.854668 0.694723 0.866576 0.688227 0.872530 0.694723 0.888769 0.710419 0.903383 0.712585 0.919080 0.716374 0.936401 0.726116 0.952639 0.749041 0.954556 0.764829 0.947226 0.794148 0.935949 0.814445 0.930311 0.817633 0.927449 0.822903 0.922982 0.825266 0.919468 0.825613 0.914611 0.824225 0.910794 0.823004 0.908254 0.812179 0.887145 0.814885 0.864953 0.815968 0.853045 0.798647 0.834641 0.785115 0.827605 0.775372 0.823816 0.742355 0.829770
0 0.828958 0.837889 0.835995 0.823816 0.853315 0.826522 0.866306 0.825440 0.876049 0.812991 0.884709 0.819486 0.889039 0.842219 0.893911 0.861164 0.907984 0.870365 0.922057 0.880108 0.923147 0.900263 0.938669 0.927326 0.914391 0.948022 0.877378 0.973494 0.854294 0.959564 0.848444 0.934235 0.834371 0.915832 0.823545 0.902842 0.817050 0.883897 0.819215 0.864411 0.824087 0.850338
0 0.398963 0.479928 0.382724 0.484438 0.361525 0.502481 0.346189 0.523681 0.339423 0.552097 0.355661 0.562021 0.366035 0.579161 0.375056 0.602165 0.394452 0.613893 0.426477 0.621561 0.452639 0.611637 0.482860 0.580965 0.487821 0.555706 0.483311 0.528191 0.478349 0.506089 0.463013 0.481732 0.443617 0.473613 0.418358 0.476770
0 0.659111 0.534506 0.649338 0.544655 0.656104 0.558939 0.656856 0.583371 0.648963 0.602917 0.650466 0.620959 0.663622 0.630356 0.693317 0.643512 0.704217 0.652533 0.713239 0.662306 0.711735 0.678845 0.711359 0.695760 0.715494 0.710044 0.727898 0.704405 0.753082 0.684108 0.766614 0.660803 0.785784 0.647647 0.800444 0.617200 0.806082 0.602917 0.800444 0.581116 0.805706 0.550293 0.806082 0.536761 0.761352 0.531123 0.742557 0.529996 0.713615 0.541648 0.692565 0.545783 0.666253 0.536385
0 0.924058 0.871776 0.937180 0.859474 0.942510 0.847993 0.942920 0.828720 0.931029 0.804937 0.922008 0.795506 0.901915 0.786485 0.887153 0.786075 0.865830 0.792635 0.855989 0.795506 0.838356 0.802477 0.835076 0.819289 0.849428 0.822569 0.864600 0.820519 0.873621 0.809448 0.886743 0.815598 0.895354 0.857834 0.914217 0.873416
0 0.633594 0.451788 0.627046 0.478851 0.632284 0.504169 0.644507 0.525994 0.667642 0.532978 0.701253 0.532542 0.746213 0.522502 0.763674 0.503296 0.778078 0.481907 0.771094 0.465319 0.751888 0.441311 0.754943 0.424724 0.750578 0.406390 0.717840 0.401589 0.689031 0.405081 0.665459 0.404208 0.647562 0.404644 0.641451 0.429526
0 0.365577 0.290715 0.348553 0.304684 0.341569 0.321271 0.358593 0.350954 0.376053 0.355319 0.397006 0.352700 0.413156 0.335676 0.418831 0.308176 0.407045 0.284604 0.386966 0.284168
0 0.543236 0.301628 0.523593 0.307303 0.518355 0.323890 0.524466 0.350954 0.534943 0.366668 0.553276 0.374525 0.576411 0.368851 0.581649 0.365359 0.584268 0.336112 0.573355 0.309922 0.567681 0.299009
0 0.486054 0.340914 0.477323 0.350081 0.468593 0.365359 0.475141 0.396787 0.484307 0.412502 0.501331 0.423414 0.527958 0.410319 0.543236 0.371906 0.532760 0.366232 0.529268 0.356192 0.518355 0.342660 0.507006 0.339605
0 0.429307 0.356192 0.408791 0.378454 0.398315 0.394168 0.402680 0.422105 0.427998 0.436510 0.459426 0.433454 0.474268 0.434764 0.478196 0.417740 0.471649 0.396787 0.469466 0.377144 0.462045 0.353136 0.449387 0.346589 0.439783 0.348335
0 0.479069 0.234406 0.508316 0.241390 0.511371 0.255358 0.521847 0.281985 0.523157 0.292461 0.511371 0.305557 0.484307 0.302938 0.466847 0.306430 0.448077 0.277184 0.453752 0.257977 0.461609 0.244009 0.470776 0.236152
0 0.537701 0.655165 0.530935 0.664938 0.524169 0.681852 0.523042 0.694632 0.508006 0.710795 0.498609 0.724327 0.490716 0.739362 0.499737 0.755150 0.526049 0.762667 0.530559 0.766050 0.529432 0.779582 0.530183 0.795745 0.550857 0.810780 0.594835 0.793866 0.610247 0.772440 0.622651 0.759660 0.634303 0.747632 0.632800 0.732973 0.630168 0.702902 0.623027 0.676966 0.604608 0.661179 0.578672 0.648023 0.559502 0.647647 0.547850 0.651030
0 0.585141 0.960758 0.567681 0.967742 0.553713 0.980837 0.550657 1.000000 0.667642 1.000000 0.661530 0.971671 0.657165 0.955083 0.632721 0.951155 0.606094 0.954210
0 0.540277 0.901855 0.531521 0.908223 0.521173 0.922152 0.517193 0.937674 0.531123 0.956778 0.544655 0.963942 0.563759 0.964738 0.581668 0.959564 0.588832 0.941256 0.584852 0.921754 0.581668 0.909417 0.566943 0.903049 0.556595 0.900661
0 0.824225 0.930571 0.836716 0.933694 0.842268 0.941674 0.849901 0.958329 0.854065 0.970126 0.863780 0.987821 0.866209 1.000000 0.671559 1.000000 0.669130 0.986087 0.669477 0.970126 0.672253 0.962840 0.685438 0.962840 0.699663 0.951390 0.712848 0.948267 0.721523 0.953818 0.749627 0.958676 0.769057 0.948961 0.787794 0.944103 0.797162 0.935082 0.813816 0.933347
0 0.701051 0.183200 0.689601 0.189445 0.670865 0.205406 0.669477 0.223795 0.678151 0.245654 0.693418 0.264391 0.724992 0.276188 0.766282 0.271677 0.780507 0.264391 0.779119 0.246348 0.767322 0.218938 0.743729 0.210610 0.723951 0.191874 0.721176 0.183894
0 0.734707 0.279310 0.722563 0.286250 0.713889 0.294924 0.707991 0.325110 0.714236 0.352868 0.766282 0.366399 0.800631 0.360848 0.826307 0.343500 0.843656 0.334131 0.847819 0.320947 0.861698 0.303945 0.852330 0.290413 0.837063 0.280351 0.804795 0.272371 0.775303 0.270983 0.751709 0.276881 0.738871 0.278269
0 0.671212 0.339336 0.661497 0.347316 0.646924 0.358766 0.643454 0.380972 0.658027 0.399362 0.690642 0.401096 0.712154 0.400055 0.739912 0.401443 0.753444 0.402831 0.764200 0.395198 0.766282 0.374727 0.753444 0.364318 0.737136 0.360154 0.716318 0.354950 0.703133 0.346275 0.699663 0.341765 0.685091 0.335866
0 0.828635 0.101113 0.842542 0.103744 0.852691 0.121410 0.860209 0.145843 0.850436 0.157495 0.837656 0.163133 0.813224 0.169523 0.801947 0.180424 0.780898 0.196587 0.781273 0.215381 0.776763 0.228537 0.769997 0.216885 0.752706 0.212750 0.734664 0.196587 0.728274 0.180424 0.726395 0.160878 0.736543 0.135694 0.749699 0.121410 0.774132 0.110886 0.794054 0.107503 0.821493 0.101113
0 0.801947 0.256352 0.826380 0.260863 0.848557 0.252594 0.854947 0.237558 0.879379 0.236806 0.903060 0.227785 0.888024 0.202601 0.883138 0.184559 0.862088 0.166892 0.845925 0.163133 0.835777 0.166516 0.819990 0.169899 0.811720 0.172906 0.785408 0.195835 0.783529 0.210871 0.784656 0.232672 0.791046 0.249211
0 0.866223 0.097354 0.856074 0.102992 0.848933 0.109382 0.859457 0.135694 0.861713 0.152233 0.856074 0.157495 0.862088 0.166516 0.874493 0.174410 0.891783 0.185310 0.910201 0.184935 0.919974 0.177041 0.927868 0.154864 0.924109 0.145843 0.906443 0.128552 0.904563 0.116148 0.895166 0.105999 0.881634 0.099985
0 0.858330 0.241317 0.856074 0.245452 0.858330 0.260863 0.858330 0.271012 0.866975 0.284920 0.879755 0.296572 0.896670 0.294693 0.918847 0.284544 0.923733 0.271012 0.922606 0.254849 0.918471 0.240565 0.908698 0.232672 0.894790 0.237558 0.884641 0.237558 0.867351 0.241693
0 0.903060 0.188693 0.893663 0.190573 0.892159 0.195835 0.901180 0.211998 0.906819 0.226282 0.918847 0.235303 0.927492 0.257856 0.942152 0.257856 0.947790 0.244324 0.946662 0.220268 0.936137 0.201473 0.927868 0.188693 0.920350 0.185686 0.909074 0.187190
