0 0.294317 0.454067 0.283792 0.475117 0.283792 0.506691 0.283040 0.534506 0.318373 0.595399 0.370245 0.608179 0.426628 0.591640 0.456698 0.557059 0.461961 0.531499 0.480003 0.480379 0.473237 0.463840 0.437904 0.436776 0.370245 0.417982 0.352203 0.420238 0.330401 0.429259
0 0.477748 0.530747 0.499549 0.548038 0.530371 0.547286 0.544655 0.567584 0.579236 0.599158 0.576981 0.624718 0.568711 0.666817 0.547662 0.694632 0.498797 0.708164 0.472485 0.684108 0.443166 0.675838 0.452188 0.651782 0.425124 0.638250 0.416855 0.617200 0.451436 0.581867 0.470230 0.535258
0 0.143888 0.325665 0.126748 0.355435 0.115922 0.385205 0.161931 0.423094 0.188994 0.426703 0.241317 0.394226 0.251240 0.359946 0.217862 0.316644 0.168245 0.313036
0 0.160126 0.217411 0.150203 0.284168 0.176364 0.305819 0.233198 0.310329 0.271989 0.258908 0.283717 0.248083 0.295444 0.216509 0.270185 0.175913 0.224177 0.159675 0.204330 0.175011 0.188092 0.211998
0 0.008570 0.337393 0.063599 0.309427 0.096978 0.284168 0.136671 0.230041 0.144790 0.206585 0.172756 0.188543 0.178169 0.142535 0.166441 0.113667 0.124041 0.092016 0.122237 0.044204 0.096978 0.022553 0.057285 0.009923 0.032025 0.000000 0.000000 0.000000 0.000000 0.335589
0 0.013983 0.738836 0.032927 0.717185 0.050970 0.688318 0.050970 0.666667 0.056382 0.637799 0.066306 0.619756 0.069012 0.600812 0.069012 0.586378 0.043753 0.585476 0.037438 0.569238 0.041949 0.558412 0.045557 0.524132 0.037438 0.511502 0.005864 0.511502 0.000000 0.515111 0.000000 0.744249
0 0.012179 0.966170 0.045557 0.947226 0.045557 0.927379 0.041949 0.894903 0.046459 0.847091 0.044655 0.821831 0.006766 0.810104 0.000000 0.812810 0.000000 0.972485
0 0.200722 0.941813 0.185386 0.962562 0.172756 0.995940 0.181777 1.000000 0.404601 1.000000 0.398286 0.978800 0.381146 0.955345 0.351376 0.942715 0.295444 0.923771 0.270185 0.920162 0.233198 0.920162
0 0.259360 0.849797 0.264772 0.878665 0.278304 0.913848 0.315291 0.918358 0.344159 0.898511 0.347767 0.873252 0.341452 0.833559 0.326116 0.812810 0.286423 0.822733
0 0.123139 0.850699 0.188994 0.834461 0.223275 0.813712 0.248534 0.777627 0.265674 0.764096 0.267479 0.746053 0.271989 0.714479 0.250338 0.701849 0.222373 0.691024 0.182679 0.688318 0.135769 0.688318 0.124944 0.728011 0.140280 0.764096 0.136671 0.797474 0.121335 0.837167
0 0.041949 0.717185 0.030221 0.743347 0.034732 0.765900 0.066306 0.783942 0.116825 0.789355 0.134867 0.773117 0.128552 0.755074 0.121335 0.725304 0.120433 0.710871 0.113216 0.683807 0.098782 0.683807 0.072621 0.695534
0 0.531800 0.884078 0.522779 0.914750 0.550744 0.928281 0.579612 0.934596 0.611186 0.896707 0.571493 0.865133 0.536310 0.853406
0 0.649075 0.984213 0.707713 0.981507 0.733875 0.978800 0.772666 0.997745 0.771764 1.000000 0.626522 1.000000
0 0.850248 0.911141 0.825891 0.931890 0.824989 0.968877 0.860171 0.983311 0.887235 0.984213 0.910690 0.971583 0.920613 0.944520 0.896256 0.907533
0 0.964817 0.949932 0.927830 0.955345 0.917005 0.970681 0.894452 0.988724 0.879116 1.000000 1.000000 1.000000 1.000000 0.961660
0 0.952188 0.445647 0.960307 0.496166 0.982860 0.508796 1.000000 0.514208 1.000000 0.419486 0.978349 0.409562 0.942264 0.429409
0 0.661705 0.165990 0.675237 0.201173 0.687867 0.213802 0.723951 0.205683 0.739287 0.197564 0.741994 0.178620 0.697790 0.142535 0.686964 0.142535
0 0.562472 0.151556 0.571493 0.180424 0.592242 0.217411 0.631935 0.238160 0.650880 0.234551 0.676139 0.210194 0.667118 0.179522 0.659901 0.163284 0.669824 0.151556 0.651782 0.127199 0.613893 0.114569 0.586829 0.119080
0 0.753783 0.876492 0.749477 0.906631 0.790073 0.945381 0.818981 0.944766 0.831898 0.922623 0.842970 0.896174 0.821442 0.875261 0.798069 0.855579 0.762394 0.868495
0 0.678128 0.811293 0.670747 0.837126 0.703346 0.851888 0.727334 0.845122 0.735330 0.823595 0.735330 0.787920 0.718723 0.775618 0.702116 0.784229
0 0.619695 0.797761 0.662136 0.819289 0.676898 0.813138 0.690429 0.792225 0.699040 0.772543 0.677513 0.755320 0.660290 0.749785 0.629536 0.764547 0.621540 0.789765
0 0.534506 0.972525 0.518621 0.984291 0.512149 1.000000 0.578043 1.000000 0.559805 0.969583 0.543331 0.966641
