0 0.194407 0.298602 0.197113 0.331980 0.214254 0.373478 0.205232 0.395129 0.267479 0.399639 0.301759 0.356337 0.337844 0.334687 0.310780 0.274244 0.259360 0.267930 0.205232 0.275147
0 0.112314 0.350925 0.107803 0.380695 0.115922 0.409562 0.152007 0.425801 0.187190 0.413171 0.201624 0.395129 0.207037 0.371673 0.194407 0.332882 0.161028 0.325665
0 0.419035 0.723500 0.395580 0.762291 0.384754 0.803789 0.394677 0.843482 0.437077 0.881371 0.483085 0.903924 0.565178 0.900316 0.612991 0.868742 0.658999 0.804691 0.640054 0.741543 0.605774 0.663058 0.539919 0.645918 0.449707 0.679296
0 0.569689 0.534957 0.580514 0.565629 0.595850 0.599910 0.625620 0.600812 0.691475 0.552097 0.682454 0.516915 0.630131 0.490753 0.579612 0.520523
0 0.545332 0.978800 0.525485 0.993234 0.646369 1.000000 0.640054 0.949932
0 0.650880 0.954443 0.655390 1.000000 0.787100 1.000000 0.680650 0.946324
0 0.148399 0.875959 0.161931 0.922869 0.176364 0.958954 0.191701 0.995038 0.224177 0.975192 0.303563 0.943617 0.349571 0.911141 0.321606 0.836265 0.315291 0.791159 0.172756 0.860622
0 0.003383 0.683356 0.070075 0.706553 0.082641 0.753915 0.069109 0.793543 0.051711 0.831239 0.000000 0.856370 0.000000 0.686256 0.008216 0.685289
0 0.209260 0.672724 0.193795 0.706553 0.213126 0.751015 0.270153 0.731684 0.293350 0.693988 0.267253 0.662092
0 0.085540 0.715252 0.079741 0.811908 0.124203 0.800309 0.162865 0.749082 0.101005 0.710419
0 0.100039 0.638894 0.140634 0.653393 0.178330 0.613764 0.227624 0.567369 0.210226 0.512275 0.160932 0.449449 0.109704 0.448483 0.058477 0.450416 0.000000 0.470713 0.000000 0.560603 0.068142 0.542239 0.096172 0.597332
0 0.005316 0.569302 0.000000 0.606998 0.007249 0.644694 0.057510 0.664025 0.090373 0.637928 0.091340 0.602165 0.066209 0.549004
0 0.317514 0.559637 0.311715 0.625363 0.322347 0.661125 0.349410 0.697854 0.385173 0.693021 0.447999 0.677557 0.444133 0.590566 0.424802 0.561570
0 0.439300 0.436884 0.428668 0.491011 0.462498 0.505509 0.491494 0.526774 0.529190 0.514208 0.521458 0.455248 0.505026 0.427218
