0 0.969403 0.196211 0.995715 0.183431 1.000000 0.166140 1.000000 0.000000 0.935574 0.000000 0.932567 0.060141 0.926552 0.107503 0.945347 0.130807 0.953616 0.162382
0 0.677718 0.450308 0.706285 0.468351 0.732597 0.465344 0.754398 0.454067 0.773192 0.414975 0.764171 0.390167 0.749887 0.355586 0.734100 0.332281 0.702526 0.332281 0.674711 0.348068 0.649902 0.368366 0.650654 0.397685 0.667945 0.430762 0.681476 0.451060
0 0.624342 0.986318 0.644640 0.978800 0.678469 0.970531 0.694257 0.969779 0.719065 0.969779 0.743873 0.984814 0.754398 1.000000 0.736355 1.000000 0.616825 1.000000
0 0.473237 0.792362 0.506315 0.817170 0.531123 0.819426 0.564201 0.813411 0.589761 0.774320 0.586754 0.744249 0.565704 0.711171 0.551421 0.697639 0.535634 0.701398 0.507067 0.708916 0.468727 0.735980 0.459705 0.763043
0 0.275523 0.686363 0.312359 0.705157 0.354458 0.684108 0.374756 0.675086 0.358969 0.660803 0.342430 0.634491 0.349196 0.618704 0.351451 0.592392 0.327394 0.590889 0.304090 0.600662 0.270260 0.615697 0.255977 0.626973 0.268757 0.646519 0.272515 0.667569 0.274019 0.678093
0 0.385280 0.913396 0.381522 0.948730 0.383777 0.976545 0.404826 0.990828 0.422117 1.000000 0.459705 0.999098 0.479251 0.987070 0.480755 0.953240 0.462712 0.914148 0.443918 0.895354 0.426628 0.898361 0.404075 0.905879
0 0.674711 0.548790 0.697264 0.550293 0.713051 0.537513 0.725079 0.514960 0.737107 0.498421 0.740114 0.484138 0.731845 0.473613 0.707788 0.469854 0.684484 0.459329 0.672455 0.458578 0.658923 0.463840 0.653661 0.489400 0.652909 0.508194 0.659675 0.531499
0 0.689896 0.838069 0.705232 0.850699 0.727785 0.839423 0.736355 0.827244 0.730041 0.807397 0.713802 0.798827 0.697564 0.802436 0.684935 0.820027
0 0.687641 0.730266 0.693956 0.746955 0.713351 0.746955 0.730492 0.728011 0.735904 0.709968 0.722373 0.688769 0.706134 0.696437 0.690347 0.712675
0 0.086166 0.844146 0.097310 0.867229 0.113229 0.875189 0.121985 0.889915 0.139099 0.895089 0.160591 0.893895 0.168551 0.890711 0.182878 0.900263 0.207156 0.905835 0.225464 0.896283 0.237801 0.882751 0.233026 0.858075 0.235812 0.843747 0.237403 0.832206 0.234618 0.817480 0.221882 0.808724 0.199992 0.800764 0.170540 0.807132 0.149845 0.807928 0.127159 0.813500 0.112831 0.819868 0.098106 0.830216
0 0.266457 0.936480 0.308644 0.936480 0.316604 0.945634 0.334116 0.940062 0.335310 0.930908 0.340484 0.915784 0.346056 0.907825 0.348842 0.887925 0.356006 0.872801 0.352822 0.849717 0.348046 0.833002 0.310634 0.824644 0.276009 0.839370 0.260885 0.845339 0.248945 0.858871 0.245363 0.881557 0.245363 0.910213 0.247751 0.922152 0.268447 0.938470
0 0.367946 0.876781 0.389835 0.880363 0.411725 0.887129 0.436401 0.883547 0.450330 0.875587 0.455902 0.858871 0.446748 0.845738 0.430033 0.833400 0.396601 0.826634 0.374313 0.827430 0.363966 0.837380 0.358394 0.851309 0.361976 0.871209
