0 0.335527 0.410875 0.340448 0.445319 0.375507 0.445934 0.407492 0.434863 0.414873 0.410875 0.424099 0.386271 0.414873 0.356132 0.392730 0.351212 0.363821 0.359823 0.352134 0.374585
0 0.587096 0.185140 0.600627 0.202362 0.616004 0.217739 0.624000 0.241112 0.644298 0.253414 0.663366 0.261410 0.698425 0.248493 0.705806 0.228810 0.732255 0.202362 0.749477 0.185755 0.735330 0.166072 0.708267 0.140854 0.695350 0.114405 0.667671 0.110100 0.647374 0.113175 0.619080 0.119941 0.596322 0.135318 0.588941 0.167302
0 0.493603 0.090417 0.513901 0.102719 0.536044 0.108254 0.564338 0.092877 0.565568 0.067044 0.541580 0.043671 0.531738 0.042441 0.521282 0.042441 0.500369 0.058433
0 0.178169 0.652748 0.190412 0.672724 0.229718 0.674013 0.241961 0.654037 0.234873 0.628262 0.219408 0.608931 0.198144 0.609575 0.178169 0.625685 0.174947 0.643083
0 0.067981 0.691411 0.087312 0.718474 0.122753 0.717185 0.136285 0.704298 0.136929 0.678523 0.116953 0.669502 0.096334 0.669502 0.070559 0.683678
0 0.861202 0.811264 0.890844 0.826729 0.921129 0.829306 0.936594 0.799021 0.938527 0.782911 0.924351 0.777756 0.879889 0.781622 0.863136 0.795154
0 0.966235 0.820285 0.952703 0.851859 0.970746 0.884078 0.997809 0.905986 1.000000 0.905986 1.000000 0.783556
0 0.919840 0.905342 0.949481 0.896321 0.981700 0.900831 0.997165 0.918229 0.999098 0.935627 0.984922 0.962047 0.964946 0.969135 0.942393 0.985244 0.929506 0.985244 0.897287 0.958180 0.885044 0.928539 0.923706 0.903409
0 0.732973 0.347961 0.712997 0.359559 0.701398 0.384045 0.703976 0.410465 0.698821 0.431729 0.698821 0.461370 0.715574 0.476190 0.726529 0.485212 0.743282 0.507765 0.752948 0.516786 0.759392 0.532895 0.770990 0.545138 0.794188 0.555448 0.830273 0.557381 0.849604 0.557381 0.886977 0.524518 0.894065 0.507765 0.912108 0.482634 0.933372 0.456215 0.934016 0.424641 0.924351 0.385334 0.912108 0.373735 0.885689 0.347961 0.866357 0.364070 0.856047 0.329274 0.836072 0.317675 0.807075 0.336362 0.783233 0.336362 0.748437 0.335717
0 0.663380 0.299633 0.662092 0.321541 0.678845 0.338939 0.700110 0.344739 0.728462 0.335073 0.736839 0.310587 0.722018 0.284168 0.707198 0.279013
0 0.739416 0.248083 0.759392 0.245506 0.776145 0.259682 0.786455 0.279657 0.779367 0.301566 0.748437 0.310587 0.738772 0.301566 0.726529 0.284168 0.727173 0.255171
0 0.357510 0.219215 0.360758 0.260893 0.373207 0.274966 0.379161 0.301488 0.409472 0.303654 0.446279 0.302030 0.473884 0.288498 0.494993 0.260352 0.502571 0.226793 0.507443 0.205142 0.492828 0.181867 0.469553 0.145061 0.433288 0.140189 0.397564 0.146685 0.368336 0.179161 0.396482 0.175913 0.420839 0.158051 0.421380 0.169959 0.410014 0.182409 0.399729 0.199729 0.374290 0.206766
0 0.243895 0.241639 0.243250 0.266125 0.245183 0.287390 0.250983 0.307365 0.246472 0.327341 0.227785 0.334429 0.221986 0.351182 0.232940 0.377602 0.269669 0.395000 0.303177 0.370514 0.333462 0.349249 0.366325 0.308010 0.375346 0.299633 0.364392 0.273213 0.353438 0.260326 0.330240 0.246794 0.284490 0.233262 0.254849 0.235196
0 0.200722 0.146917 0.215542 0.181713 0.233585 0.213931 0.248405 0.221664 0.261293 0.230041 0.294156 0.230041 0.332173 0.241639 0.352149 0.250016 0.348283 0.230685 0.357304 0.211354 0.397255 0.192667 0.414653 0.172047 0.401121 0.174625 0.388878 0.186223 0.363748 0.178491 0.374058 0.163670 0.377924 0.144984 0.370836 0.116631 0.359237 0.102455 0.339906 0.088923 0.333462 0.081191 0.325730 0.054127 0.317353 0.040595 0.305110 0.040595 0.303177 0.031574 0.283201 0.020620 0.256782 0.018687 0.237451 0.018687 0.196211 0.019331 0.154327 0.043173 0.143373 0.062504 0.143373 0.099233 0.152394 0.127586 0.173658 0.135318
0 0.191701 0.004511 0.200722 0.014176 0.238095 0.018042 0.265159 0.016754 0.274180 0.013532 0.281268 0.000000 0.187190 0.000000
0 0.122753 0.023197 0.160126 0.037374 0.175591 0.013532 0.177524 0.000000 0.080224 0.000000 0.089890 0.010310 0.118242 0.016754
0 0.009988 0.202333 0.058316 0.154649 0.084090 0.126297 0.101488 0.106321 0.118242 0.083768 0.116953 0.056060 0.080869 0.021264 0.065404 0.006444 0.029319 0.000000 0.000000 0.000000 0.000000 0.174625 0.000000 0.204266
0 0.115020 0.106966 0.141440 0.126297 0.158838 0.137251 0.178813 0.147561 0.198789 0.152072 0.208454 0.180424 0.231007 0.221019 0.239384 0.239062 0.242606 0.293833 0.243895 0.300277 0.245183 0.313165 0.233585 0.324119 0.216187 0.335717 0.183968 0.329918 0.153683 0.339584 0.131130 0.327985 0.107932 0.310587 0.095045 0.303499 0.095689 0.292545 0.084090 0.264192 0.066692 0.255815 0.046073 0.248083 0.029963 0.246150 0.021586 0.222308 0.017720 0.203621 0.060249 0.157871 0.110510 0.113409
0 0.027371 0.489605 0.056280 0.450240 0.049514 0.418871 0.036597 0.397958 0.021835 0.387502 0.000000 0.383196 0.000000 0.391192 0.000000 0.496371
