0 0.291779 0.638814 0.274301 0.642761 0.253439 0.657984 0.230886 0.695760 0.231450 0.736355 0.244418 0.783153 0.264716 0.800068 0.326173 0.801759 0.382555 0.794993 0.387630 0.768493 0.392140 0.725079 0.379736 0.694069 0.349290 0.671516 0.322790 0.673207 0.305311 0.654601
0 0.367332 0.802887 0.354364 0.810780 0.357183 0.828259 0.367896 0.844046 0.388757 0.850248 0.411310 0.846865 0.450778 0.826004 0.463746 0.792738 0.454725 0.764547 0.437246 0.746504 0.414129 0.741994 0.394396 0.747068 0.393832 0.757781 0.388757 0.783153 0.385938 0.796685
0 0.161113 0.644452 0.197480 0.642761 0.218623 0.642761 0.229618 0.629229 0.256681 0.614851 0.280362 0.598782 0.301505 0.569181 0.297277 0.540426 0.285436 0.507443 0.265139 0.460081 0.239767 0.444858 0.196634 0.416103 0.160267 0.412720 0.135741 0.408491 0.118826 0.424560 0.104449 0.455853 0.095991 0.474459 0.071465 0.486299 0.041864 0.493065 0.030869 0.519283 0.046093 0.531969 0.041018 0.548884 0.028332 0.569181 0.037635 0.587788 0.064699 0.608085 0.105294 0.633457 0.150118 0.643606
0 0.128812 0.815551 0.134537 0.837931 0.153794 0.850422 0.180337 0.853544 0.188665 0.836369 0.190226 0.803581 0.208962 0.766108 0.227699 0.751015 0.227699 0.711981 0.236546 0.675029 0.252160 0.649006 0.233424 0.635995 0.218330 0.647445 0.202196 0.646924 0.178255 0.646924 0.156396 0.648485 0.130894 0.677631 0.112678 0.695847 0.094462 0.721869 0.098626 0.755179 0.112678 0.791610
0 0.740114 0.529996 0.668696 0.529244 0.640129 0.539017 0.610810 0.556307 0.596527 0.583371 0.594272 0.611186 0.594272 0.644264 0.589761 0.683356 0.617576 0.720192 0.651406 0.753270 0.670200 0.766050 0.716810 0.781837 0.743873 0.781837 0.773192 0.745001 0.796497 0.698391 0.797249 0.660803 0.775447 0.620207 0.781461 0.571343 0.767930 0.542024
0 0.803263 0.678845 0.829575 0.696888 0.868666 0.697639 0.885205 0.685611 0.913772 0.680349 0.950609 0.653285 0.952864 0.608931 0.935574 0.563073 0.910765 0.539768 0.879191 0.529244 0.837844 0.502180 0.808525 0.497670 0.767178 0.531499 0.780710 0.557811 0.785972 0.584874 0.782213 0.609683 0.790483 0.636746 0.801759 0.663058
0 0.987399 0.146313 0.959489 0.133627 0.934117 0.142084 0.896059 0.167456 0.867304 0.190291 0.842777 0.213126 0.836857 0.248647 0.852926 0.287551 0.908745 0.293471 0.948495 0.308694 0.975558 0.326455 1.000000 0.323917 1.000000 0.175068
0 0.839394 0.285014 0.822480 0.289242 0.819097 0.319689 0.823325 0.366204 0.844469 0.393268 0.879990 0.416103 0.907053 0.426252 0.965409 0.411874 0.975558 0.385656 0.976404 0.350981 0.964564 0.324763 0.935809 0.310386 0.904516 0.300237 0.881681 0.298545 0.851235 0.291779
0 0.875761 0.426252 0.857155 0.428789 0.838549 0.438092 0.814022 0.455007 0.813177 0.473613 0.830937 0.490528 0.849543 0.500677 0.885064 0.521820 0.929888 0.541272 0.944266 0.565798 0.952723 0.595399 0.961181 0.608931 0.986553 0.594553 1.000000 0.575947 1.000000 0.415257 0.960335 0.419486 0.932426 0.426252 0.912974 0.430480 0.889293 0.433018
0 0.995856 0.334912 0.982324 0.337449 0.982324 0.350981 0.982324 0.367050 0.981478 0.381428 0.978095 0.400034 0.988244 0.413566 1.000000 0.412720 1.000000 0.334912
0 0.759049 0.328992 0.728603 0.330683 0.721837 0.349290 0.726066 0.365359 0.704922 0.381428 0.696465 0.409337 0.683779 0.427097 0.675321 0.456698 0.673630 0.496448 0.692236 0.520974 0.732832 0.520129 0.762432 0.521820 0.786959 0.511671 0.804719 0.475304 0.814022 0.444858 0.849543 0.427097 0.852081 0.405108 0.823325 0.379736 0.804719 0.345061 0.788650 0.326455
0 0.593285 0.848275 0.582290 0.852503 0.569604 0.879567 0.584827 0.904093 0.622040 0.910014 0.639800 0.882104 0.644875 0.869418 0.633880 0.850812 0.607662 0.846583
0 0.514631 0.857578 0.495179 0.868572 0.480802 0.903248 0.503637 0.936231 0.535775 0.940460 0.559455 0.929466 0.567913 0.885487 0.562838 0.866035 0.544232 0.857578
0 0.907053 0.951455 0.883373 0.923545 0.855463 0.861807 0.821634 0.861807 0.790342 0.841509 0.748901 0.850812 0.704076 0.859269 0.670247 0.860115 0.641492 0.901556 0.627960 0.923545 0.600051 0.937923 0.582290 0.972598 0.573833 0.994587 0.583982 1.000000 0.865612 1.000000 0.891830 0.972598
0 0.059301 0.090743 0.071241 0.122582 0.101488 0.156810 0.150840 0.160790 0.223275 0.138502 0.284566 0.097111 0.299690 0.059699 0.288819 0.000000 0.276133 0.000000 0.255910 0.000000 0.080793 0.000000 0.069649 0.032636 0.062485 0.072435
0 0.360397 0.139829 0.428056 0.154263 0.468651 0.165088 0.503834 0.184935 0.506540 0.230943 0.488498 0.267028 0.427154 0.297700 0.390167 0.322057 0.338746 0.345512 0.316573 0.373193 0.258885 0.396695 0.193362 0.330461 0.172756 0.273342 0.136671 0.246279 0.140280 0.203879 0.150203 0.176816 0.193505 0.155165 0.240415 0.143437 0.303197 0.079499 0.323495 0.113329
0 0.307172 0.054127 0.305368 0.064953 0.333333 0.108254 0.358593 0.135318 0.417230 0.139829 0.483987 0.153360 0.524583 0.144339 0.548940 0.128101 0.628327 0.077582 0.640956 0.043302 0.644565 0.016238 0.641858 0.000000 0.298122 0.000000 0.299053 0.015336 0.300857 0.043302
0 0.373929 0.498872 0.448805 0.494362 0.501128 0.501579 0.545332 0.506089 0.612088 0.489851 0.647271 0.455571 0.660803 0.390618 0.649075 0.327470 0.609382 0.294993 0.550744 0.263419 0.533604 0.251691 0.508345 0.269734 0.461434 0.289580 0.410916 0.313036 0.355886 0.349120 0.345963 0.374380 0.330627 0.418584 0.331529 0.462788 0.356788 0.494362
0 0.652486 0.045670 0.698156 0.052436 0.731140 0.049053 0.758204 0.028755 0.772581 0.019452 0.781884 0.000000 0.644029 0.000000 0.652486 0.026218
0 0.336181 0.499831 0.315883 0.513363 0.301505 0.538735 0.305734 0.562415 0.300660 0.581022 0.286282 0.600474 0.293048 0.631766 0.319266 0.660521 0.344638 0.663904 0.376776 0.686739 0.396228 0.713802 0.424137 0.727334 0.470653 0.743403 0.516323 0.739175 0.547615 0.718877 0.580599 0.679973 0.586519 0.650372 0.593285 0.570873 0.604279 0.545501 0.591593 0.516746 0.548461 0.509134 0.470653 0.501522 0.444435 0.501522 0.392845 0.502368 0.351404 0.498139
