0 0.005864 0.110961 0.041949 0.108254 0.058187 0.133514 0.068110 0.158773 0.068110 0.196662 0.054578 0.219215 0.039242 0.248985 0.019396 0.253496 0.006766 0.258908 0.000000 0.252594 0.000000 0.119080
0 0.059991 0.237258 0.054578 0.258908 0.045557 0.280559 0.037438 0.293189 0.037438 0.314840 0.046459 0.338295 0.059089 0.363554 0.080740 0.368065 0.115922 0.369869 0.145692 0.381597 0.179973 0.386107 0.209743 0.372576 0.218764 0.364456 0.244926 0.350925 0.265674 0.317546 0.265674 0.281461 0.241317 0.247181 0.197113 0.210194 0.199820 0.184935 0.175462 0.170501 0.118629 0.163284 0.105097 0.187641 0.070816 0.207488
0 0.089761 0.395129 0.090663 0.429409 0.103293 0.432115 0.108705 0.449256 0.131258 0.484438 0.150203 0.499774 0.201624 0.506089 0.210645 0.489851 0.221470 0.459179 0.225981 0.420388 0.221470 0.371673 0.178169 0.390618 0.134867 0.384303 0.102391 0.377086
0 0.237709 0.366261 0.231394 0.385205 0.247632 0.414073 0.278304 0.431213 0.297249 0.418584 0.297249 0.379793 0.290032 0.358142 0.273793 0.344610 0.252143 0.348218
0 0.013081 0.818223 0.032025 0.812810 0.038340 0.807397 0.035634 0.770410 0.028417 0.751466 0.004962 0.750564 0.000000 0.751466 0.000000 0.824538
0 0.013983 0.876861 0.046459 0.902120 0.080740 0.913848 0.105999 0.922869 0.103293 0.934596 0.087957 0.947226 0.077131 0.963464 0.088859 0.988724 0.087055 1.000000 0.062697 1.000000 0.000000 1.000000 0.000000 0.886784 0.000000 0.863329 0.013983 0.863329
0 0.247632 0.930086 0.237709 0.961660 0.222373 0.973387 0.236806 1.000000 0.385656 1.000000 0.419937 1.000000 0.435273 0.965268 0.432695 0.933050 0.415426 0.923771 0.374831 0.912945 0.362201 0.894903 0.351376 0.890392 0.323410 0.891295 0.296346 0.883175 0.278304 0.886784 0.261164 0.913848
0 0.169147 0.922869 0.165539 0.937303 0.152007 0.954443 0.135769 0.975192 0.126748 1.000000 0.237709 1.000000 0.221470 0.983311 0.219666 0.966170 0.232296 0.958051 0.235904 0.946324 0.234100 0.917456 0.219666 0.912043 0.194407 0.913848
0 0.486694 0.916554 0.466847 0.935498 0.455120 0.935498 0.439783 0.940911 0.436175 0.967975 0.434371 0.981507 0.468651 0.980604 0.483085 0.993234 0.509247 1.000000 0.558863 1.000000 0.579612 0.980604 0.592242 0.955345 0.588633 0.918358 0.574199 0.908435 0.546234 0.915652 0.511051 0.915652
0 0.484890 0.437528 0.477673 0.469102 0.483987 0.512404 0.529093 0.537664 0.539919 0.560216 0.561570 0.562923 0.594046 0.562021 0.615697 0.557510 0.654488 0.504285 0.664411 0.476319 0.651782 0.451060 0.643663 0.425801 0.603969 0.413171 0.564276 0.402346 0.543527 0.406856 0.520974 0.415877 0.493911 0.430311
0 0.467749 0.282364 0.465945 0.300406 0.467749 0.329274 0.480379 0.335589 0.498421 0.350925 0.519170 0.355435 0.550744 0.367163 0.586829 0.353631 0.599459 0.315742 0.566982 0.275147 0.568787 0.249887 0.544429 0.230041 0.520974 0.240866 0.489400 0.255300
0 0.264772 0.162382 0.273793 0.148850 0.283717 0.171403 0.310780 0.187641 0.317095 0.211998 0.304465 0.231845 0.282815 0.259811 0.289129 0.273342 0.265674 0.267028 0.241317 0.234551 0.219666 0.212900 0.207939 0.197564 0.207939 0.183130 0.227785 0.176816
0 0.294542 0.154263 0.299955 0.172305 0.322508 0.179522 0.346865 0.179522 0.364908 0.168696 0.363103 0.150654 0.332431 0.143437 0.304465 0.148850
0 0.609382 0.576455 0.600361 0.597203 0.599459 0.625169 0.626522 0.639603 0.642761 0.643212 0.665313 0.630582 0.696888 0.604420 0.684258 0.562923 0.663509 0.537664 0.639152 0.540370 0.622914 0.564727
0 0.592242 0.264321 0.585025 0.285070 0.600361 0.305819 0.621110 0.312134 0.630131 0.303112 0.639152 0.273342 0.633739 0.254398 0.603067 0.259811
0 0.526387 0.154263 0.512855 0.170501 0.513757 0.204781 0.539919 0.208390 0.568787 0.208390 0.603969 0.196662 0.590437 0.173207 0.563374 0.147046 0.544429 0.137122
0 0.543527 0.057736 0.526387 0.062246 0.509247 0.078484 0.520974 0.119080 0.560668 0.135318 0.579612 0.137122 0.585025 0.115471 0.592242 0.097429 0.601263 0.096527 0.609382 0.121786 0.626522 0.131710 0.650880 0.120884 0.668922 0.090212 0.668922 0.075778 0.664411 0.056834 0.665313 0.036085 0.662607 0.007217 0.556157 0.000000 0.549842 0.030672
0 0.763645 0.470907 0.757330 0.494362 0.761840 0.531349 0.780785 0.531349 0.798827 0.522327 0.808751 0.499774 0.817772 0.486243 0.823184 0.455571 0.798827 0.447452 0.769959 0.463690
0 0.983762 0.625169 0.963013 0.645016 0.953090 0.694632 0.963013 0.742445 0.980153 0.768606 0.990979 0.781236 1.000000 0.781236 1.000000 0.613442
0 0.839423 0.073072 0.863780 0.118178 0.875507 0.147948 0.900767 0.177718 0.936852 0.198466 0.960307 0.179522 0.968426 0.151556 0.982860 0.162382 1.000000 0.154263 1.000000 0.000000 0.914299 0.000000 0.891746 0.011728 0.880920 0.040595 0.867388 0.059540
0 0.972034 0.177718 0.958503 0.186739 0.958503 0.215607 0.976545 0.251691 0.985566 0.264321 1.000000 0.259811 1.000000 0.167794
0 0.681552 0.061344 0.701398 0.083897 0.725756 0.096527 0.757330 0.106450 0.782589 0.105548 0.805142 0.099233 0.811457 0.053225 0.809653 0.027966 0.805142 0.000000 0.668922 0.000000 0.674335 0.042400
0 0.492106 0.019847 0.489400 0.035183 0.506540 0.055029 0.529996 0.054127 0.543527 0.051421 0.548038 0.017140 0.548940 0.000000 0.535408 0.000000 0.502932 0.000000
0 0.419035 0.033378 0.411818 0.055931 0.439783 0.082995 0.453315 0.072170 0.469553 0.064953 0.474966 0.048714 0.476770 0.035183 0.477673 0.021651 0.487596 0.011728 0.485792 0.000000 0.437979 0.000000
0 0.750113 0.637799 0.750113 0.678394 0.765449 0.684709 0.795219 0.687415 0.815065 0.682905 0.811457 0.658548 0.803338 0.635995 0.768155 0.629680
0 0.513757 0.676590 0.528191 0.701849 0.545332 0.702751 0.571493 0.686513 0.588633 0.682905 0.603969 0.698241 0.631935 0.702751 0.640956 0.718990 0.667471 0.723657 0.679237 0.740131 0.691593 0.758957 0.684258 0.776725 0.649977 0.797474 0.654488 0.811006 0.658999 0.831755 0.658999 0.851601 0.641858 0.872350 0.621110 0.887686 0.613893 0.905728 0.613893 0.925575 0.603067 0.925575 0.594046 0.904826 0.586829 0.904826 0.557059 0.899414 0.532702 0.904826 0.498421 0.901218 0.476770 0.912945 0.464141 0.920162 0.442490 0.923771 0.428056 0.920162 0.398286 0.909337 0.388363 0.905728 0.377537 0.897609 0.367614 0.883175 0.382048 0.860622 0.396482 0.831755 0.409111 0.806495 0.421741 0.796572 0.433469 0.780334 0.437979 0.746053 0.454217 0.723500 0.461434 0.705458 0.480379 0.690122
0 0.277402 0.807397 0.278304 0.829950 0.295444 0.853406 0.322508 0.865133 0.358593 0.868742 0.378439 0.859720 0.387461 0.829048 0.397384 0.813712 0.408209 0.800180 0.430762 0.787551 0.411818 0.761389 0.384754 0.746053 0.335138 0.728913 0.317997 0.718990 0.310780 0.738836 0.303563 0.747858 0.298151 0.779432 0.279206 0.812810
0 0.659514 0.845415 0.662092 0.861525 0.671113 0.882789 0.687222 0.891810 0.702687 0.913719 0.732973 0.914363 0.737483 0.908564 0.741349 0.886655 0.745860 0.881500 0.761969 0.874412 0.770990 0.852503 0.780656 0.830595 0.765835 0.811908 0.751015 0.788066 0.738127 0.792577 0.726529 0.797087 0.705909 0.783556 0.689155 0.775823 0.674979 0.783556 0.656937 0.798376 0.656292 0.818996 0.669180 0.837038
