0 0.178169 0.436626 0.188994 0.464592 0.227785 0.491655 0.257555 0.494362 0.283717 0.506089 0.317095 0.480830 0.345963 0.461885 0.351376 0.435724 0.365810 0.428507 0.373929 0.417682 0.390167 0.349120 0.384754 0.304917 0.373027 0.263419 0.360397 0.235453 0.330627 0.208390 0.295444 0.188543 0.261164 0.158773 0.239513 0.165990 0.225079 0.175913 0.225079 0.189445 0.179973 0.212900 0.142986 0.217411 0.106901 0.233649 0.097880 0.249887 0.087055 0.289580 0.099684 0.328372 0.118629 0.361750 0.140280 0.375282 0.143888 0.399639 0.148399 0.423996
0 0.628146 0.836807 0.618403 0.861164 0.621651 0.881732 0.661164 0.890392 0.696888 0.896888 0.709878 0.893099 0.727740 0.868742 0.730988 0.848173 0.713126 0.817862 0.692558 0.792963 0.660622 0.800541 0.648714 0.809202 0.635183 0.831935
0 0.762923 0.479026 0.753180 0.501759 0.743978 0.515291 0.725575 0.520162 0.740189 0.532612 0.745061 0.552097 0.765088 0.572125 0.772125 0.584574 0.826793 0.568336 0.846279 0.564547 0.860352 0.543978 0.869012 0.510961 0.861434 0.479026 0.835453 0.468742 0.780785 0.466035
0 0.787821 0.589445 0.777537 0.610555 0.799729 0.630582 0.824628 0.646279 0.850609 0.651150 0.877131 0.645196 0.915562 0.646820 0.952368 0.642490 0.966982 0.628958 0.967524 0.604060 0.965900 0.586198 0.957240 0.561299 0.942084 0.533694 0.935047 0.518539 0.909608 0.492557 0.898241 0.482273 0.880379 0.492016 0.873342 0.501218 0.872260 0.519621 0.864141 0.542896 0.857645 0.558593 0.844655 0.574831 0.822463 0.575913 0.801353 0.584032
0 0.522739 0.686592 0.514503 0.701300 0.509208 0.716009 0.497441 0.737777 0.499206 0.753662 0.543331 0.758369 0.585692 0.749544 0.609813 0.725422 0.626287 0.702477 0.626287 0.687180 0.616285 0.676002 0.598047 0.664823 0.568041 0.666000 0.548038 0.670118 0.528623 0.677178
0 0.477437 0.535389 0.475084 0.563041 0.472730 0.600694 0.484497 0.625404 0.498029 0.650703 0.531564 0.654821 0.549803 0.660116 0.575101 0.661293 0.588045 0.656586 0.586868 0.617756 0.593928 0.596576 0.595693 0.565394 0.585692 0.553627 0.576278 0.534800 0.568041 0.522445 0.559805 0.508913 0.553333 0.498912 0.532741 0.484203 0.510973 0.477731 0.495087 0.479496 0.485086 0.484791
0 0.546273 0.484203 0.547450 0.476555 0.555098 0.463611 0.585103 0.454198 0.628640 0.453609 0.643349 0.481261 0.649821 0.494793 0.645702 0.533035 0.660999 0.547744 0.668647 0.568336 0.668059 0.600106 0.663941 0.614226 0.647467 0.620698 0.617462 0.625993 0.604518 0.634230 0.592752 0.640113 0.589810 0.623051 0.600400 0.585986 0.599223 0.558334 0.592752 0.550097 0.584515 0.534800 0.573925 0.518327 0.561570 0.504207
0 0.536859 0.281814 0.528623 0.294758 0.529799 0.312408 0.545685 0.325940 0.566865 0.315938 0.568041 0.297700 0.558040 0.286521
0 0.565100 0.346532 0.556863 0.352415 0.558628 0.365947 0.565100 0.390069 0.582750 0.394776 0.603342 0.368889 0.602753 0.352415 0.588633 0.344767 0.568041 0.345355
0 0.729871 0.791610 0.749041 0.828259 0.765392 0.859833 0.816137 0.870546 0.856732 0.868290 0.880977 0.857014 0.900147 0.843482 0.918189 0.814727 0.945253 0.794993 0.958784 0.764547 0.943561 0.750451 0.948072 0.723387 0.922700 0.688994 0.902402 0.680537 0.876466 0.666441 0.844892 0.666441 0.789073 0.676590 0.760318 0.700271 0.738893 0.725079 0.737201 0.741994 0.745659 0.757781 0.744531 0.771313
0 0.654319 0.669824 0.643042 0.687867 0.637404 0.723387 0.669542 0.741994 0.705627 0.725643 0.716904 0.694069 0.705063 0.669824 0.678563 0.651782 0.665595 0.651782 0.658830 0.663058
